Output Path: ./outputs/seqLen10/multiDS-nonOverlap/Yeast/eps_0.01_0.1
Preparing data (original features) ...
[673 603]
[759 517]
[578 698]
[440 836]
[1151  125]
[902 374]
[470 806]
[743 533]
[ 247 1029]
[666 610]
[978 298]
[484 791]
[360 915]
[ 250 1025]
[867 408]
[673, 603]
[759, 517]
[578, 698]
[440, 836]
[1151, 125]
[902, 374]
[470, 806]
[743, 533]
[247, 1029]
[666, 610]
[978, 298]
[484, 791]
[360, 915]
[250, 1025]
[867, 408]
Yeast_fedstar_property_200
                 best_test_acc  final_test_acc  final_best_test_acc
0-Yeast-normal        0.623831        0.581254             0.589353
1-Yeast-normal        0.697229        0.660929             0.667192
2-Yeast-normal        0.693062        0.649687             0.665364
3-Yeast-normal        0.664580        0.652299             0.652297
4-Yeast-normal        0.905433        0.899944             0.898899
5-Yeast-normal        0.717602        0.698536             0.698270
6-Yeast-normal        0.663535        0.647598             0.650214
7-Yeast-normal        0.636094        0.606841             0.612313
8-Yeast-normal        0.807735        0.802776             0.803037
9-Yeast-normal        0.643118        0.612569             0.618307
10-Yeast-normal       0.785528        0.759415             0.763579
11-Yeast-normal       0.661699        0.639739             0.641569
12-Yeast-normal       0.743007        0.723922             0.728105
13-Yeast-normal       0.808105        0.800261             0.797124
14-Yeast-normal       0.717386        0.692810             0.694641
mean                  0.717863        0.695239             0.698684
std                   0.004042        0.004540             0.005705
training time:7043.4389
Output Path: ./outputs/seqLen10/multiDS-nonOverlap/Yeast/eps_0.01_0.1
Preparing data (original features) ...
[488 469]
[607 350]
[450 507]
[297 660]
[844 113]
[685 272]
[353 604]
[566 391]
[194 763]
[514 443]
[736 221]
[387 570]
[265 692]
[224 733]
[652 305]
[309 648]
[535 421]
[162 794]
[568 388]
[732 224]
[488, 469]
[607, 350]
[450, 507]
[297, 660]
[844, 113]
[685, 272]
[353, 604]
[566, 391]
[194, 763]
[514, 443]
[736, 221]
[387, 570]
[265, 692]
[224, 733]
[652, 305]
[309, 648]
[535, 421]
[162, 794]
[568, 388]
[732, 224]
Yeast_fedstar_property_200
                 best_test_acc  final_test_acc  final_best_test_acc
0-Yeast-normal        0.638487        0.580328             0.586587
1-Yeast-normal        0.697642        0.633579             0.646113
2-Yeast-normal        0.652389        0.613723             0.618279
3-Yeast-normal        0.703945        0.671188             0.671537
4-Yeast-normal        0.885758        0.865545             0.869032
5-Yeast-normal        0.747122        0.707052             0.718545
6-Yeast-normal        0.688589        0.640171             0.648540
7-Yeast-normal        0.660351        0.617147             0.628638
8-Yeast-normal        0.799373        0.791009             0.793097
9-Yeast-normal        0.664542        0.613384             0.624856
10-Yeast-normal       0.788916        0.755463             0.751276
11-Yeast-normal       0.660713        0.625891             0.630779
12-Yeast-normal       0.745023        0.723078             0.722031
13-Yeast-normal       0.769426        0.754799             0.754463
14-Yeast-normal       0.704283        0.678512             0.685820
15-Yeast-normal       0.710535        0.679179             0.683013
16-Yeast-normal       0.657572        0.614674             0.609784
17-Yeast-normal       0.839267        0.807872             0.813803
18-Yeast-normal       0.658959        0.604227             0.616401
19-Yeast-normal       0.781028        0.745104             0.753827
mean                  0.722696        0.686096             0.691321
std                   0.005722        0.005818             0.006593
training time:7486.7435
Output Path: ./outputs/seqLen10/multiDS-nonOverlap/Yeast/eps_0.01_0.1
Preparing data (original features) ...
[365 401]
[477 289]
[341 425]
[216 550]
[675  91]
[529 237]
[271 495]
[420 346]
[ 81 685]
[406 360]
[585 181]
[243 522]
[137 628]
[121 644]
[495 270]
[197 568]
[406 359]
[120 645]
[442 323]
[577 188]
[385 380]
[728  37]
[439 326]
[515 250]
[397 368]
[365, 401]
[477, 289]
[341, 425]
[216, 550]
[675, 91]
[529, 237]
[271, 495]
[420, 346]
[81, 685]
[406, 360]
[585, 181]
[243, 522]
[137, 628]
[121, 644]
[495, 270]
[197, 568]
[406, 359]
[120, 645]
[442, 323]
[577, 188]
[385, 380]
[728, 37]
[439, 326]
[515, 250]
[397, 368]
Yeast_fedstar_property_200
                 best_test_acc  final_test_acc  final_best_test_acc
0-Yeast-normal        0.645361        0.590077             0.603149
1-Yeast-normal        0.709705        0.665778             0.680146
2-Yeast-normal        0.643191        0.581815             0.590960
3-Yeast-normal        0.761927        0.721866             0.723617
4-Yeast-normal        0.890782        0.871194             0.873378
5-Yeast-normal        0.717573        0.683188             0.693648
6-Yeast-normal        0.677093        0.637467             0.641836
7-Yeast-normal        0.643992        0.591370             0.594401
8-Yeast-normal        0.898181        0.883369             0.884243
9-Yeast-normal        0.690185        0.649750             0.651903
10-Yeast-normal       0.769796        0.757168             0.758920
11-Yeast-normal       0.696732        0.668845             0.662745
12-Yeast-normal       0.844009        0.819172             0.819172
13-Yeast-normal       0.847059        0.832680             0.830065
14-Yeast-normal       0.724619        0.671024             0.680610
15-Yeast-normal       0.761220        0.728976             0.728540
16-Yeast-normal       0.666231        0.613072             0.614815
17-Yeast-normal       0.851416        0.830065             0.830065
18-Yeast-normal       0.669281        0.620479             0.621786
19-Yeast-normal       0.771242        0.738126             0.742048
20-Yeast-normal       0.642266        0.611329             0.616122
21-Yeast-normal       0.951634        0.950327             0.951198
22-Yeast-normal       0.657081        0.616122             0.613943
23-Yeast-normal       0.714161        0.659259             0.658388
24-Yeast-normal       0.683224        0.627015             0.635730
mean                  0.741118        0.704781             0.708057
std                   0.004198        0.007485             0.005578
training time:7587.0809
Output Path: ./outputs/seqLen10/multiDS-nonOverlap/Yeast/eps_0.01_0.1
Preparing data (original features) ...
[775 501]
[949 327]
[528 748]
[688 588]
[618 658]
[814 462]
[ 170 1106]
[965 311]
[606 670]
[747 529]
[607 669]
[716 559]
[595 680]
[384 891]
[406 869]
[775, 501]
[949, 327]
[528, 748]
[688, 588]
[618, 658]
[814, 462]
[170, 1106]
[965, 311]
[606, 670]
[747, 529]
[607, 669]
[716, 559]
[595, 680]
[384, 891]
[406, 869]
Yeast_fedstar_property_200
                 best_test_acc  final_test_acc  final_best_test_acc
0-Yeast-normal        0.692789        0.666917             0.663264
1-Yeast-normal        0.753923        0.739551             0.744521
2-Yeast-normal        0.704526        0.675285             0.684412
3-Yeast-normal        0.659635        0.621233             0.633241
4-Yeast-normal        0.687290        0.653577             0.659847
5-Yeast-normal        0.667972        0.624895             0.636903
6-Yeast-normal        0.867555        0.866248             0.864941
7-Yeast-normal        0.783449        0.758109             0.761248
8-Yeast-normal        0.674790        0.637439             0.639250
9-Yeast-normal        0.692274        0.657252             0.659875
10-Yeast-normal       0.664560        0.619615             0.625371
11-Yeast-normal       0.623791        0.586928             0.597386
12-Yeast-normal       0.658824        0.624052             0.623268
13-Yeast-normal       0.713464        0.693856             0.698301
14-Yeast-normal       0.716863        0.691503             0.696209
mean                  0.704114        0.674431             0.679202
std                   0.006348        0.005853             0.005873
training time:6691.4518
Output Path: ./outputs/seqLen10/multiDS-nonOverlap/Yeast/eps_0.01_0.1
Preparing data (original features) ...
[578 379]
[701 256]
[425 532]
[571 386]
[465 492]
[644 313]
[123 834]
[731 226]
[479 478]
[580 377]
[477 480]
[528 429]
[449 508]
[313 644]
[298 659]
[378 579]
[481 475]
[598 358]
[249 707]
[500 456]
[578, 379]
[701, 256]
[425, 532]
[571, 386]
[465, 492]
[644, 313]
[123, 834]
[731, 226]
[479, 478]
[580, 377]
[477, 480]
[528, 429]
[449, 508]
[313, 644]
[298, 659]
[378, 579]
[481, 475]
[598, 358]
[249, 707]
[500, 456]
Yeast_fedstar_property_200
                 best_test_acc  final_test_acc  final_best_test_acc
0-Yeast-normal        0.687200        0.632873             0.636353
1-Yeast-normal        0.755147        0.708101             0.709511
2-Yeast-normal        0.652705        0.617510             0.612295
3-Yeast-normal        0.675360        0.619304             0.622068
4-Yeast-normal        0.656506        0.607752             0.617839
5-Yeast-normal        0.719568        0.672535             0.672893
6-Yeast-normal        0.871826        0.863818             0.863813
7-Yeast-normal        0.777429        0.750958             0.754777
8-Yeast-normal        0.652361        0.594524             0.604648
9-Yeast-normal        0.652398        0.613378             0.624891
10-Yeast-normal       0.657217        0.610215             0.619610
11-Yeast-normal       0.688994        0.644394             0.644415
12-Yeast-normal       0.646824        0.588687             0.589369
13-Yeast-normal       0.701849        0.679563             0.686878
14-Yeast-normal       0.695239        0.679917             0.679914
15-Yeast-normal       0.673660        0.633617             0.632543
16-Yeast-normal       0.666985        0.608393             0.608744
17-Yeast-normal       0.704359        0.654143             0.661815
18-Yeast-normal       0.768826        0.734659             0.739536
19-Yeast-normal       0.656523        0.592719             0.611557
mean                  0.698049        0.655353             0.659673
std                   0.004962        0.005185             0.005826
training time:7148.0496
Output Path: ./outputs/seqLen10/multiDS-nonOverlap/Yeast/eps_0.01_0.1
Preparing data (original features) ...
[436 330]
[580 186]
[341 425]
[435 331]
[378 388]
[504 262]
[ 86 680]
[575 191]
[372 394]
[447 319]
[348 418]
[412 353]
[377 388]
[251 514]
[236 529]
[329 436]
[349 416]
[474 291]
[199 566]
[420 345]
[449 316]
[320 445]
[205 560]
[539 226]
[506 259]
[436, 330]
[580, 186]
[341, 425]
[435, 331]
[378, 388]
[504, 262]
[86, 680]
[575, 191]
[372, 394]
[447, 319]
[348, 418]
[412, 353]
[377, 388]
[251, 514]
[236, 529]
[329, 436]
[349, 416]
[474, 291]
[199, 566]
[420, 345]
[449, 316]
[320, 445]
[205, 560]
[539, 226]
[506, 259]
Yeast_fedstar_property_200
                 best_test_acc  final_test_acc  final_best_test_acc
0-Yeast-normal        0.680548        0.630080             0.636151
1-Yeast-normal        0.770257        0.719331             0.725419
2-Yeast-normal        0.671861        0.633995             0.646170
3-Yeast-normal        0.689395        0.612345             0.617551
4-Yeast-normal        0.635761        0.572207             0.587010
5-Yeast-normal        0.690190        0.652794             0.658453
6-Yeast-normal        0.891212        0.876889             0.877325
7-Yeast-normal        0.765031        0.727635             0.739351
8-Yeast-normal        0.638356        0.579623             0.591373
9-Yeast-normal        0.663232        0.628416             0.635795
10-Yeast-normal       0.606593        0.564819             0.563087
11-Yeast-normal       0.623965        0.581699             0.585621
12-Yeast-normal       0.623529        0.586492             0.583442
13-Yeast-normal       0.726797        0.694989             0.697603
14-Yeast-normal       0.725490        0.695861             0.697168
15-Yeast-normal       0.678867        0.634423             0.640523
16-Yeast-normal       0.664052        0.604357             0.605664
17-Yeast-normal       0.719826        0.684967             0.689325
18-Yeast-normal       0.780392        0.737255             0.745534
19-Yeast-normal       0.664052        0.584314             0.601307
20-Yeast-normal       0.709368        0.661438             0.662745
21-Yeast-normal       0.691503        0.640087             0.641394
22-Yeast-normal       0.745534        0.702397             0.715033
23-Yeast-normal       0.737691        0.694989             0.700654
24-Yeast-normal       0.722440        0.682789             0.683224
mean                  0.700638        0.655368             0.661077
std                   0.006577        0.009428             0.008764
training time:7630.9280
Output Path: ./outputs/seqLen10/multiDS-nonOverlap/Yeast/eps_0.01_0.1
Preparing data (original features) ...
[744 532]
[867 409]
[568 708]
[677 599]
[621 655]
[772 504]
[282 994]
[886 390]
[618 658]
[696 580]
[614 662]
[692 583]
[611 664]
[452 823]
[468 807]
[744, 532]
[867, 409]
[568, 708]
[677, 599]
[621, 655]
[772, 504]
[282, 994]
[886, 390]
[618, 658]
[696, 580]
[614, 662]
[692, 583]
[611, 664]
[452, 823]
[468, 807]
Yeast_fedstar_property_200
                 best_test_acc  final_test_acc  final_best_test_acc
0-Yeast-normal        0.665856        0.623791             0.628497
1-Yeast-normal        0.704803        0.685477             0.688344
2-Yeast-normal        0.663268        0.622519             0.625667
3-Yeast-normal        0.678178        0.638719             0.639499
4-Yeast-normal        0.625914        0.585959             0.593259
5-Yeast-normal        0.646036        0.609461             0.616264
6-Yeast-normal        0.799637        0.785269             0.786834
7-Yeast-normal        0.719947        0.680547             0.690455
8-Yeast-normal        0.692776        0.653856             0.657788
9-Yeast-normal        0.616521        0.579686             0.591698
10-Yeast-normal       0.664570        0.621979             0.640017
11-Yeast-normal       0.665359        0.631373             0.627712
12-Yeast-normal       0.681307        0.652810             0.656209
13-Yeast-normal       0.660131        0.639477             0.642876
14-Yeast-normal       0.688105        0.646797             0.656732
mean                  0.678160        0.643848             0.649457
std                   0.004536        0.004976             0.005386
training time:6905.9092
Output Path: ./outputs/seqLen10/multiDS-nonOverlap/Yeast/eps_0.01_0.1
Preparing data (original features) ...
[540 417]
[648 309]
[451 506]
[547 410]
[468 489]
[605 352]
[212 745]
[670 287]
[483 474]
[526 431]
[482 475]
[516 441]
[454 503]
[367 590]
[348 609]
[391 566]
[493 463]
[563 393]
[317 639]
[487 469]
[540, 417]
[648, 309]
[451, 506]
[547, 410]
[468, 489]
[605, 352]
[212, 745]
[670, 287]
[483, 474]
[526, 431]
[482, 475]
[516, 441]
[454, 503]
[367, 590]
[348, 609]
[391, 566]
[493, 463]
[563, 393]
[317, 639]
[487, 469]
Yeast_fedstar_property_200
                 best_test_acc  final_test_acc  final_best_test_acc
0-Yeast-normal        0.697359        0.643056             0.654545
1-Yeast-normal        0.721651        0.680197             0.692392
2-Yeast-normal        0.668097        0.612086             0.613791
3-Yeast-normal        0.678878        0.633937             0.634995
4-Yeast-normal        0.676127        0.640932             0.634993
5-Yeast-normal        0.677436        0.646099             0.646435
6-Yeast-normal        0.790318        0.771161             0.771164
7-Yeast-normal        0.716138        0.664569             0.669788
8-Yeast-normal        0.662189        0.612360             0.623177
9-Yeast-normal        0.630139        0.589380             0.594243
10-Yeast-normal       0.682692        0.639496             0.640552
11-Yeast-normal       0.655192        0.624855             0.620352
12-Yeast-normal       0.652400        0.600471             0.610933
13-Yeast-normal       0.666667        0.631470             0.641921
14-Yeast-normal       0.658326        0.629425             0.636031
15-Yeast-normal       0.681643        0.637053             0.653069
16-Yeast-normal       0.670521        0.607066             0.617534
17-Yeast-normal       0.644710        0.587535             0.601491
18-Yeast-normal       0.693865        0.661084             0.669454
19-Yeast-normal       0.642310        0.576776             0.590367
mean                  0.678333        0.634450             0.640861
std                   0.008160        0.008048             0.007887
training time:7087.8796
Output Path: ./outputs/seqLen10/multiDS-nonOverlap/Yeast/eps_0.01_0.1
Preparing data (original features) ...
[419 347]
[528 238]
[357 409]
[419 347]
[378 388]
[467 299]
[159 607]
[536 230]
[377 389]
[417 349]
[356 410]
[390 375]
[378 387]
[297 468]
[270 495]
[339 426]
[360 405]
[450 315]
[251 514]
[414 351]
[443 322]
[332 433]
[263 502]
[497 268]
[471 294]
[419, 347]
[528, 238]
[357, 409]
[419, 347]
[378, 388]
[467, 299]
[159, 607]
[536, 230]
[377, 389]
[417, 349]
[356, 410]
[390, 375]
[378, 387]
[297, 468]
[270, 495]
[339, 426]
[360, 405]
[450, 315]
[251, 514]
[414, 351]
[443, 322]
[332, 433]
[263, 502]
[497, 268]
[471, 294]
Yeast_fedstar_property_200
                 best_test_acc  final_test_acc  final_best_test_acc
0-Yeast-normal        0.624030        0.529129             0.538695
1-Yeast-normal        0.743208        0.692728             0.707526
2-Yeast-normal        0.657095        0.610523             0.614450
3-Yeast-normal        0.661427        0.613151             0.607911
4-Yeast-normal        0.693665        0.642277             0.647118
5-Yeast-normal        0.653199        0.623170             0.616207
6-Yeast-normal        0.824653        0.798557             0.796800
7-Yeast-normal        0.711046        0.683185             0.682755
8-Yeast-normal        0.621447        0.564839             0.556155
9-Yeast-normal        0.648824        0.603984             0.603121
10-Yeast-normal       0.628404        0.583128             0.590971
11-Yeast-normal       0.659695        0.617865             0.623094
12-Yeast-normal       0.610893        0.553813             0.565142
13-Yeast-normal       0.694118        0.661874             0.664052
14-Yeast-normal       0.705447        0.674074             0.673638
15-Yeast-normal       0.624401        0.581264             0.581699
16-Yeast-normal       0.664052        0.610893             0.610893
17-Yeast-normal       0.676253        0.624401             0.637908
18-Yeast-normal       0.735512        0.691068             0.695425
19-Yeast-normal       0.675817        0.620479             0.630937
20-Yeast-normal       0.658388        0.600436             0.604793
21-Yeast-normal       0.635294        0.587364             0.602179
22-Yeast-normal       0.711983        0.677124             0.683224
23-Yeast-normal       0.678867        0.629630             0.639651
24-Yeast-normal       0.684967        0.622222             0.630065
mean                  0.675307        0.627887             0.632176
std                   0.003913        0.006860             0.005675
training time:7527.5742
