Output Path: ./outputs/seqLen10/multiDS-nonOverlap/NCI1/eps_0.01_0.1
Preparing data (original features) ...
[155 119]
[158 116]
[119 155]
[ 85 189]
[241  33]
[192  82]
[ 88 186]
[168 106]
[ 58 216]
[151 123]
[216  58]
[ 91 183]
[ 82 192]
[ 60 214]
[189  85]
[155, 119]
[158, 116]
[119, 155]
[85, 189]
[241, 33]
[192, 82]
[88, 186]
[168, 106]
[58, 216]
[151, 123]
[216, 58]
[91, 183]
[82, 192]
[60, 214]
[189, 85]
NCI1_fedstar_property_200
                best_test_acc  final_test_acc  final_best_test_acc
0-NCI1-normal        0.766397        0.682492             0.687295
1-NCI1-normal        0.779978        0.685095             0.693558
2-NCI1-normal        0.756678        0.699461             0.721324
3-NCI1-normal        0.779865        0.716633             0.716723
4-NCI1-normal        0.901504        0.862402             0.878316
5-NCI1-normal        0.784579        0.706756             0.720180
6-NCI1-normal        0.762716        0.688507             0.695892
7-NCI1-normal        0.755309        0.687340             0.693378
8-NCI1-normal        0.837015        0.773782             0.789540
9-NCI1-normal        0.757733        0.685903             0.690752
10-NCI1-normal       0.817531        0.728732             0.744646
11-NCI1-normal       0.738698        0.669360             0.685051
12-NCI1-normal       0.761594        0.699484             0.701818
13-NCI1-normal       0.831987        0.785746             0.794299
14-NCI1-normal       0.781100        0.699663             0.716655
mean                 0.787512        0.718091             0.728629
std                  0.013012        0.015703             0.015533
training time:1670.8862
Output Path: ./outputs/seqLen10/multiDS-nonOverlap/NCI1/eps_0.01_0.1
Preparing data (original features) ...
[115  91]
[128  78]
[101 105]
[ 46 160]
[181  25]
[143  63]
[ 77 129]
[122  84]
[ 43 163]
[110  96]
[156  49]
[ 74 131]
[ 61 144]
[ 60 145]
[145  60]
[ 60 145]
[117  88]
[ 15 190]
[122  83]
[177  28]
[115, 91]
[128, 78]
[101, 105]
[46, 160]
[181, 25]
[143, 63]
[77, 129]
[122, 84]
[43, 163]
[110, 96]
[156, 49]
[74, 131]
[61, 144]
[60, 145]
[145, 60]
[60, 145]
[117, 88]
[15, 190]
[122, 83]
[177, 28]
NCI1_fedstar_property_200
                best_test_acc  final_test_acc  final_best_test_acc
0-NCI1-normal        0.748974        0.669803             0.684321
1-NCI1-normal        0.755401        0.689160             0.697174
2-NCI1-normal        0.729655        0.655130             0.669570
3-NCI1-normal        0.818622        0.778165             0.770074
4-NCI1-normal        0.883508        0.841309             0.852729
5-NCI1-normal        0.745916        0.620983             0.614634
6-NCI1-normal        0.779559        0.698451             0.732482
7-NCI1-normal        0.799148        0.717886             0.731049
8-NCI1-normal        0.844444        0.791096             0.799148
9-NCI1-normal        0.820364        0.768602             0.754084
10-NCI1-normal       0.842276        0.765854             0.770732
11-NCI1-normal       0.759350        0.689431             0.689431
12-NCI1-normal       0.760976        0.668293             0.702439
13-NCI1-normal       0.772358        0.717073             0.730081
14-NCI1-normal       0.806504        0.702439             0.720325
15-NCI1-normal       0.777236        0.705691             0.721951
16-NCI1-normal       0.717073        0.635772             0.648780
17-NCI1-normal       0.930081        0.913821             0.920325
18-NCI1-normal       0.801626        0.720325             0.718699
19-NCI1-normal       0.904065        0.837398             0.842276
mean                 0.799857        0.729334             0.738515
std                  0.011531        0.018164             0.017761
training time:2005.1967
Output Path: ./outputs/seqLen10/multiDS-nonOverlap/NCI1/eps_0.01_0.1
Preparing data (original features) ...
[77 88]
[104  61]
[76 89]
[ 34 131]
[139  26]
[117  48]
[ 62 103]
[87 78]
[ 17 148]
[88 77]
[123  41]
[68 96]
[ 33 131]
[ 30 134]
[111  53]
[ 41 123]
[80 84]
[  5 159]
[96 68]
[136  28]
[84 80]
[155   9]
[94 70]
[103  61]
[93 71]
[77, 88]
[104, 61]
[76, 89]
[34, 131]
[139, 26]
[117, 48]
[62, 103]
[87, 78]
[17, 148]
[88, 77]
[123, 41]
[68, 96]
[33, 131]
[30, 134]
[111, 53]
[41, 123]
[80, 84]
[5, 159]
[96, 68]
[136, 28]
[84, 80]
[155, 9]
[94, 70]
[103, 61]
[93, 71]
NCI1_fedstar_property_200
                best_test_acc  final_test_acc  final_best_test_acc
0-NCI1-normal        0.616162        0.545455             0.535354
1-NCI1-normal        0.779798        0.680808             0.684848
2-NCI1-normal        0.719192        0.597980             0.624242
3-NCI1-normal        0.793939        0.791919             0.791919
4-NCI1-normal        0.874747        0.838384             0.836364
5-NCI1-normal        0.767677        0.703030             0.713131
6-NCI1-normal        0.711111        0.638384             0.630303
7-NCI1-normal        0.735354        0.636364             0.642424
8-NCI1-normal        0.901010        0.894949             0.892929
9-NCI1-normal        0.739394        0.640404             0.654545
10-NCI1-normal       0.760227        0.733460             0.737626
11-NCI1-normal       0.719381        0.625947             0.628093
12-NCI1-normal       0.811048        0.800884             0.800884
13-NCI1-normal       0.817045        0.817045             0.817045
14-NCI1-normal       0.699306        0.668813             0.672854
15-NCI1-normal       0.794634        0.754104             0.748043
16-NCI1-normal       0.711490        0.587879             0.600316
17-NCI1-normal       0.969508        0.969508             0.969508
18-NCI1-normal       0.747917        0.620139             0.612121
19-NCI1-normal       0.884280        0.849621             0.847538
20-NCI1-normal       0.648737        0.542803             0.534722
21-NCI1-normal       0.945265        0.943182             0.943182
22-NCI1-normal       0.727210        0.597159             0.617487
23-NCI1-normal       0.683396        0.589646             0.597854
24-NCI1-normal       0.668119        0.578725             0.594823
mean                 0.769038        0.705864             0.709126
std                  0.009159        0.009735             0.011346
training time:2377.1704
Output Path: ./outputs/seqLen10/multiDS-nonOverlap/NCI1/eps_0.01_0.1
Preparing data (original features) ...
[151 123]
[216  58]
[104 170]
[160 114]
[149 125]
[177  97]
[ 35 239]
[204  70]
[134 140]
[168 106]
[126 148]
[145 129]
[122 152]
[ 77 197]
[ 85 189]
[151, 123]
[216, 58]
[104, 170]
[160, 114]
[149, 125]
[177, 97]
[35, 239]
[204, 70]
[134, 140]
[168, 106]
[126, 148]
[145, 129]
[122, 152]
[77, 197]
[85, 189]
NCI1_fedstar_property_200
                best_test_acc  final_test_acc  final_best_test_acc
0-NCI1-normal        0.722716        0.655780             0.677688
1-NCI1-normal        0.849046        0.780875             0.777284
2-NCI1-normal        0.807856        0.756768             0.762873
3-NCI1-normal        0.727093        0.655331             0.646734
4-NCI1-normal        0.763704        0.719888             0.716229
5-NCI1-normal        0.826105        0.750797             0.766532
6-NCI1-normal        0.895309        0.852637             0.861190
7-NCI1-normal        0.819955        0.750752             0.744602
8-NCI1-normal        0.695937        0.627744             0.637486
9-NCI1-normal        0.727363        0.649450             0.657890
10-NCI1-normal       0.739327        0.683345             0.688283
11-NCI1-normal       0.743345        0.652233             0.669248
12-NCI1-normal       0.720224        0.669181             0.672840
13-NCI1-normal       0.812705        0.755556             0.755645
14-NCI1-normal       0.734680        0.684602             0.704242
mean                 0.772358        0.709663             0.715918
std                  0.014558        0.018702             0.014968
training time:1659.7915
Output Path: ./outputs/seqLen10/multiDS-nonOverlap/NCI1/eps_0.01_0.1
Preparing data (original features) ...
[119  87]
[163  43]
[ 89 117]
[120  86]
[106 100]
[141  65]
[ 25 181]
[160  46]
[111  95]
[126  80]
[ 96 109]
[116  89]
[ 98 107]
[ 57 148]
[ 66 139]
[ 79 126]
[ 97 108]
[124  81]
[ 47 158]
[113  92]
[119, 87]
[163, 43]
[89, 117]
[120, 86]
[106, 100]
[141, 65]
[25, 181]
[160, 46]
[111, 95]
[126, 80]
[96, 109]
[116, 89]
[98, 107]
[57, 148]
[66, 139]
[79, 126]
[97, 108]
[124, 81]
[47, 158]
[113, 92]
NCI1_fedstar_property_200
                best_test_acc  final_test_acc  final_best_test_acc
0-NCI1-normal        0.700387        0.617809             0.630623
1-NCI1-normal        0.820519        0.763879             0.757414
2-NCI1-normal        0.717034        0.655401             0.640844
3-NCI1-normal        0.756136        0.636237             0.665312
4-NCI1-normal        0.747387        0.653620             0.653504
5-NCI1-normal        0.742625        0.647077             0.661479
6-NCI1-normal        0.886760        0.849516             0.851103
7-NCI1-normal        0.843206        0.758885             0.807549
8-NCI1-normal        0.755981        0.686295             0.679946
9-NCI1-normal        0.760743        0.661827             0.692683
10-NCI1-normal       0.715447        0.622764             0.632520
11-NCI1-normal       0.785366        0.679675             0.669919
12-NCI1-normal       0.717073        0.616260             0.639024
13-NCI1-normal       0.801626        0.707317             0.717073
14-NCI1-normal       0.782114        0.676423             0.689431
15-NCI1-normal       0.777236        0.695935             0.707317
16-NCI1-normal       0.738211        0.627642             0.632520
17-NCI1-normal       0.757724        0.684553             0.697561
18-NCI1-normal       0.809756        0.759350             0.777236
19-NCI1-normal       0.725203        0.606504             0.637398
mean                 0.767027        0.680348             0.692023
std                  0.006153        0.013187             0.008930
training time:2001.0613
Output Path: ./outputs/seqLen10/multiDS-nonOverlap/NCI1/eps_0.01_0.1
Preparing data (original features) ...
[96 69]
[129  36]
[72 93]
[87 78]
[87 78]
[114  51]
[ 20 145]
[119  46]
[75 90]
[98 67]
[67 97]
[88 76]
[76 88]
[ 49 115]
[ 52 112]
[ 63 101]
[74 90]
[106  58]
[ 33 131]
[103  61]
[99 65]
[73 91]
[ 44 120]
[110  54]
[119  45]
[96, 69]
[129, 36]
[72, 93]
[87, 78]
[87, 78]
[114, 51]
[20, 145]
[119, 46]
[75, 90]
[98, 67]
[67, 97]
[88, 76]
[76, 88]
[49, 115]
[52, 112]
[63, 101]
[74, 90]
[106, 58]
[33, 131]
[103, 61]
[99, 65]
[73, 91]
[44, 120]
[110, 54]
[119, 45]
NCI1_fedstar_property_200
                best_test_acc  final_test_acc  final_best_test_acc
0-NCI1-normal        0.686869        0.585859             0.577778
1-NCI1-normal        0.818182        0.771717             0.775758
2-NCI1-normal        0.715152        0.593939             0.620202
3-NCI1-normal        0.733333        0.668687             0.672727
4-NCI1-normal        0.674747        0.577778             0.569697
5-NCI1-normal        0.802020        0.713131             0.749495
6-NCI1-normal        0.882828        0.872727             0.874747
7-NCI1-normal        0.755556        0.715152             0.713131
8-NCI1-normal        0.747475        0.670707             0.678788
9-NCI1-normal        0.692929        0.608081             0.626263
10-NCI1-normal       0.688636        0.566225             0.574369
11-NCI1-normal       0.682955        0.558965             0.601705
12-NCI1-normal       0.756250        0.629924             0.631881
13-NCI1-normal       0.705492        0.697285             0.693182
14-NCI1-normal       0.686995        0.660669             0.668750
15-NCI1-normal       0.680745        0.605556             0.621843
16-NCI1-normal       0.747980        0.675063             0.658649
17-NCI1-normal       0.666730        0.642361             0.644381
18-NCI1-normal       0.798864        0.794823             0.794823
19-NCI1-normal       0.690909        0.619886             0.628093
20-NCI1-normal       0.735732        0.630366             0.687058
21-NCI1-normal       0.707197        0.611427             0.619634
22-NCI1-normal       0.733838        0.731818             0.731818
23-NCI1-normal       0.748043        0.675000             0.677020
24-NCI1-normal       0.792424        0.733775             0.743813
mean                 0.733275        0.664437             0.673424
std                  0.004865        0.008212             0.008892
training time:2419.7050
Output Path: ./outputs/seqLen10/multiDS-nonOverlap/NCI1/eps_0.01_0.1
Preparing data (original features) ...
[147 127]
[195  79]
[115 159]
[163 111]
[148 126]
[170 104]
[ 57 217]
[195  79]
[136 138]
[153 121]
[126 148]
[141 133]
[127 147]
[ 87 187]
[ 93 181]
[147, 127]
[195, 79]
[115, 159]
[163, 111]
[148, 126]
[170, 104]
[57, 217]
[195, 79]
[136, 138]
[153, 121]
[126, 148]
[141, 133]
[127, 147]
[87, 187]
[93, 181]
NCI1_fedstar_property_200
                best_test_acc  final_test_acc  final_best_test_acc
0-NCI1-normal        0.737306        0.669158             0.677666
1-NCI1-normal        0.808732        0.728530             0.741930
2-NCI1-normal        0.749338        0.677486             0.677531
3-NCI1-normal        0.742245        0.646240             0.643838
4-NCI1-normal        0.759192        0.698519             0.688754
5-NCI1-normal        0.794097        0.703053             0.726038
6-NCI1-normal        0.818855        0.745903             0.754343
7-NCI1-normal        0.808956        0.736162             0.744602
8-NCI1-normal        0.758967        0.694299             0.700426
9-NCI1-normal        0.748193        0.638676             0.660651
10-NCI1-normal       0.765297        0.705657             0.720247
11-NCI1-normal       0.708148        0.643524             0.644848
12-NCI1-normal       0.750348        0.662649             0.702783
13-NCI1-normal       0.748373        0.685140             0.677800
14-NCI1-normal       0.764242        0.675533             0.692525
mean                 0.764153        0.687368             0.696932
std                  0.017550        0.011495             0.015049
training time:1657.7612
Output Path: ./outputs/seqLen10/multiDS-nonOverlap/NCI1/eps_0.01_0.1
Preparing data (original features) ...
[114  92]
[148  58]
[ 92 114]
[112  94]
[106 100]
[134  72]
[ 52 154]
[148  58]
[109  97]
[113  93]
[ 99 106]
[110  95]
[ 99 106]
[ 72 133]
[ 76 129]
[ 82 123]
[ 98 107]
[117  88]
[ 60 145]
[112  93]
[114, 92]
[148, 58]
[92, 114]
[112, 94]
[106, 100]
[134, 72]
[52, 154]
[148, 58]
[109, 97]
[113, 93]
[99, 106]
[110, 95]
[99, 106]
[72, 133]
[76, 129]
[82, 123]
[98, 107]
[117, 88]
[60, 145]
[112, 93]
NCI1_fedstar_property_200
                best_test_acc  final_test_acc  final_best_test_acc
0-NCI1-normal        0.692102        0.573906             0.606156
1-NCI1-normal        0.812350        0.758846             0.742625
2-NCI1-normal        0.724971        0.634417             0.619977
3-NCI1-normal        0.710298        0.610066             0.618080
4-NCI1-normal        0.734379        0.625707             0.643748
5-NCI1-normal        0.799729        0.694657             0.712427
6-NCI1-normal        0.820674        0.751142             0.760859
7-NCI1-normal        0.770306        0.674874             0.698955
8-NCI1-normal        0.746032        0.665196             0.689315
9-NCI1-normal        0.731088        0.616105             0.638831
10-NCI1-normal       0.730081        0.640650             0.652033
11-NCI1-normal       0.803252        0.746341             0.744715
12-NCI1-normal       0.757724        0.697561             0.705691
13-NCI1-normal       0.743089        0.681301             0.681301
14-NCI1-normal       0.700813        0.624390             0.629268
15-NCI1-normal       0.780488        0.691057             0.713821
16-NCI1-normal       0.788618        0.707317             0.705691
17-NCI1-normal       0.800000        0.713821             0.721951
18-NCI1-normal       0.775610        0.708943             0.704065
19-NCI1-normal       0.749593        0.674797             0.681301
mean                 0.758560        0.674555             0.683540
std                  0.005939        0.013948             0.012690
training time:2018.3475
Output Path: ./outputs/seqLen10/multiDS-nonOverlap/NCI1/eps_0.01_0.1
Preparing data (original features) ...
[93 72]
[117  48]
[74 91]
[84 81]
[87 78]
[106  59]
[ 40 125]
[109  56]
[78 87]
[88 77]
[67 97]
[83 81]
[76 88]
[ 61 103]
[ 58 106]
[66 98]
[75 89]
[101  63]
[ 45 119]
[102  62]
[95 69]
[76 88]
[65 99]
[97 67]
[110  54]
[93, 72]
[117, 48]
[74, 91]
[84, 81]
[87, 78]
[106, 59]
[40, 125]
[109, 56]
[78, 87]
[88, 77]
[67, 97]
[83, 81]
[76, 88]
[61, 103]
[58, 106]
[66, 98]
[75, 89]
[101, 63]
[45, 119]
[102, 62]
[95, 69]
[76, 88]
[65, 99]
[97, 67]
[110, 54]
NCI1_fedstar_property_200
                best_test_acc  final_test_acc  final_best_test_acc
0-NCI1-normal        0.705051        0.622222             0.640404
1-NCI1-normal        0.733333        0.696970             0.698990
2-NCI1-normal        0.642424        0.517172             0.529293
3-NCI1-normal        0.717172        0.604040             0.626263
4-NCI1-normal        0.745455        0.618182             0.650505
5-NCI1-normal        0.767677        0.692929             0.703030
6-NCI1-normal        0.765657        0.755556             0.759596
7-NCI1-normal        0.723232        0.632323             0.638384
8-NCI1-normal        0.684848        0.577778             0.585859
9-NCI1-normal        0.713131        0.626263             0.642424
10-NCI1-normal       0.711679        0.644634             0.642803
11-NCI1-normal       0.733965        0.658775             0.666793
12-NCI1-normal       0.768687        0.670518             0.691035
13-NCI1-normal       0.652525        0.605808             0.615909
14-NCI1-normal       0.705682        0.646402             0.652588
15-NCI1-normal       0.703598        0.610101             0.608018
16-NCI1-normal       0.750000        0.664773             0.660606
17-NCI1-normal       0.725631        0.636111             0.634280
18-NCI1-normal       0.747790        0.721528             0.721465
19-NCI1-normal       0.692992        0.619697             0.619760
20-NCI1-normal       0.723295        0.608965             0.625379
21-NCI1-normal       0.751578        0.647980             0.652083
22-NCI1-normal       0.746149        0.650758             0.677146
23-NCI1-normal       0.687500        0.540972             0.587626
24-NCI1-normal       0.747917        0.652399             0.664583
mean                 0.721879        0.636914             0.647793
std                  0.011634        0.013215             0.007612
training time:2398.3796
Output Path: ./outputs/seqLen10/multiDS-nonOverlap/PROTEINS/eps_0.01_0.1
Preparing data (original features) ...
[44 31]
[44 31]
[35 40]
[22 52]
[64 10]
[54 20]
[41 33]
[54 20]
[34 40]
[55 19]
[60 14]
[46 28]
[43 31]
[15 59]
[52 22]
[44, 31]
[44, 31]
[35, 40]
[22, 52]
[64, 10]
[54, 20]
[41, 33]
[54, 20]
[34, 40]
[55, 19]
[60, 14]
[46, 28]
[43, 31]
[15, 59]
[52, 22]
PROTEINS_fedstar_property_200
                    best_test_acc  final_test_acc  final_best_test_acc
0-PROTEINS-normal        0.804444        0.653333             0.671111
1-PROTEINS-normal        0.795556        0.617778             0.653333
2-PROTEINS-normal        0.840000        0.693333             0.706667
3-PROTEINS-normal        0.833333        0.604127             0.621905
4-PROTEINS-normal        0.878095        0.786984             0.777143
5-PROTEINS-normal        0.851429        0.753651             0.780000
6-PROTEINS-normal        0.751746        0.645079             0.635873
7-PROTEINS-normal        0.902222        0.812063             0.799048
8-PROTEINS-normal        0.892381        0.758413             0.780635
9-PROTEINS-normal        0.815873        0.677460             0.717460
10-PROTEINS-normal       0.887619        0.739365             0.797460
11-PROTEINS-normal       0.811111        0.703492             0.739365
12-PROTEINS-normal       0.766349        0.631111             0.662540
13-PROTEINS-normal       0.887937        0.788254             0.796825
14-PROTEINS-normal       0.842540        0.703810             0.721587
mean                     0.837376        0.704550             0.724063
std                      0.013836        0.029584             0.020253
training time:952.7759
Output Path: ./outputs/seqLen10/multiDS-nonOverlap/PROTEINS/eps_0.01_0.1
Preparing data (original features) ...
[31 25]
[42 14]
[26 30]
[14 42]
[51  5]
[45 11]
[30 26]
[36 20]
[28 28]
[41 15]
[42 14]
[31 25]
[29 27]
[23 32]
[37 18]
[30 25]
[34 21]
[ 9 46]
[34 21]
[50  5]
[31, 25]
[42, 14]
[26, 30]
[14, 42]
[51, 5]
[45, 11]
[30, 26]
[36, 20]
[28, 28]
[41, 15]
[42, 14]
[31, 25]
[29, 27]
[23, 32]
[37, 18]
[30, 25]
[34, 21]
[9, 46]
[34, 21]
[50, 5]
PROTEINS_fedstar_property_200
                    best_test_acc  final_test_acc  final_best_test_acc
0-PROTEINS-normal        0.798990        0.631818             0.696970
1-PROTEINS-normal        0.904545        0.797475             0.809091
2-PROTEINS-normal        0.864141        0.762121             0.774242
3-PROTEINS-normal        0.909596        0.766667             0.783333
4-PROTEINS-normal        0.939899        0.886869             0.886869
5-PROTEINS-normal        0.857576        0.720707             0.774242
6-PROTEINS-normal        0.832828        0.693434             0.706061
7-PROTEINS-normal        0.898485        0.748990             0.748485
8-PROTEINS-normal        0.873232        0.719192             0.706566
9-PROTEINS-normal        0.903030        0.713636             0.741414
10-PROTEINS-normal       0.880303        0.742929             0.742424
11-PROTEINS-normal       0.746970        0.533333             0.539394
12-PROTEINS-normal       0.801010        0.574242             0.622727
13-PROTEINS-normal       0.818182        0.600000             0.612121
14-PROTEINS-normal       0.842424        0.733333             0.745455
15-PROTEINS-normal       0.848485        0.666667             0.684848
16-PROTEINS-normal       0.830303        0.648485             0.666667
17-PROTEINS-normal       0.848485        0.660606             0.703030
18-PROTEINS-normal       0.806061        0.636364             0.636364
19-PROTEINS-normal       0.909091        0.896970             0.896970
mean                     0.855682        0.706692             0.723864
std                      0.019343        0.043032             0.038684
training time:1123.7139
/local/scratch/jzhou50/zjc/lib/python3.8/site-packages/sklearn/model_selection/_split.py:700: UserWarning: The least populated class in y has only 2 members, which is less than n_splits=5.
  warnings.warn(
Output Path: ./outputs/seqLen10/multiDS-nonOverlap/PROTEINS/eps_0.01_0.1
Preparing data (original features) ...
[19 26]
[32 13]
[18 27]
[11 34]
[40  5]
[35 10]
[26 19]
[28 17]
[21 24]
[33 12]
[38  7]
[29 16]
[19 26]
[14 30]
[34 10]
[19 25]
[31 13]
[ 2 42]
[26 18]
[39  5]
[31 13]
[37  7]
[30 14]
[27 17]
[24 20]
[19, 26]
[32, 13]
[18, 27]
[11, 34]
[40, 5]
[35, 10]
[26, 19]
[28, 17]
[21, 24]
[33, 12]
[38, 7]
[29, 16]
[19, 26]
[14, 30]
[34, 10]
[19, 25]
[31, 13]
[2, 42]
[26, 18]
[39, 5]
[31, 13]
[37, 7]
[30, 14]
[27, 17]
[24, 20]
PROTEINS_fedstar_property_200
                    best_test_acc  final_test_acc  final_best_test_acc
0-PROTEINS-normal        0.866667        0.762963             0.762963
1-PROTEINS-normal        0.896296        0.681481             0.681481
2-PROTEINS-normal        0.829630        0.703704             0.696296
3-PROTEINS-normal        0.829630        0.518519             0.555556
4-PROTEINS-normal        0.933333        0.888889             0.888889
5-PROTEINS-normal        0.837037        0.725926             0.740741
6-PROTEINS-normal        0.837037        0.740741             0.755556
7-PROTEINS-normal        0.896296        0.696296             0.696296
8-PROTEINS-normal        0.807407        0.614815             0.629630
9-PROTEINS-normal        0.822222        0.733333             0.748148
10-PROTEINS-normal       0.874074        0.748148             0.733333
11-PROTEINS-normal       0.859259        0.666667             0.696296
12-PROTEINS-normal       0.896296        0.681481             0.725926
13-PROTEINS-normal       0.812037        0.616667             0.609259
14-PROTEINS-normal       0.842593        0.682407             0.713889
15-PROTEINS-normal       0.862963        0.677778             0.718519
16-PROTEINS-normal       0.820370        0.684259             0.714815
17-PROTEINS-normal       0.962963        0.918519             0.918519
18-PROTEINS-normal       0.909259        0.755556             0.724074
19-PROTEINS-normal       0.908333        0.782407             0.782407
20-PROTEINS-normal       0.813889        0.729630             0.758333
21-PROTEINS-normal       0.841667        0.731481             0.722222
22-PROTEINS-normal       0.792593        0.602778             0.611111
23-PROTEINS-normal       0.856481        0.740741             0.741667
24-PROTEINS-normal       0.777778        0.642593             0.634259
mean                     0.855444        0.709111             0.718407
std                      0.016736        0.025926             0.025435
training time:1469.2524
Output Path: ./outputs/seqLen10/multiDS-nonOverlap/PROTEINS/eps_0.01_0.1
Preparing data (original features) ...
[48 27]
[53 22]
[40 35]
[41 33]
[45 29]
[47 27]
[27 47]
[63 11]
[54 20]
[55 19]
[43 31]
[50 24]
[49 25]
[20 54]
[28 46]
[48, 27]
[53, 22]
[40, 35]
[41, 33]
[45, 29]
[47, 27]
[27, 47]
[63, 11]
[54, 20]
[55, 19]
[43, 31]
[50, 24]
[49, 25]
[20, 54]
[28, 46]
PROTEINS_fedstar_property_200
                    best_test_acc  final_test_acc  final_best_test_acc
0-PROTEINS-normal        0.880000        0.742222             0.768889
1-PROTEINS-normal        0.804444        0.671111             0.697778
2-PROTEINS-normal        0.795556        0.591111             0.648889
3-PROTEINS-normal        0.816825        0.586984             0.628571
4-PROTEINS-normal        0.815873        0.671429             0.684762
5-PROTEINS-normal        0.757778        0.649206             0.626349
6-PROTEINS-normal        0.878095        0.739048             0.761270
7-PROTEINS-normal        0.909841        0.810476             0.828889
8-PROTEINS-normal        0.842540        0.753016             0.771111
9-PROTEINS-normal        0.894921        0.800317             0.800317
10-PROTEINS-normal       0.813651        0.597460             0.647302
11-PROTEINS-normal       0.769841        0.656825             0.670159
12-PROTEINS-normal       0.818413        0.683810             0.687937
13-PROTEINS-normal       0.900635        0.792698             0.815238
14-PROTEINS-normal       0.873333        0.752063             0.783810
mean                     0.838116        0.699852             0.721418
std                      0.018528        0.029462             0.028282
training time:906.0375
Output Path: ./outputs/seqLen10/multiDS-nonOverlap/PROTEINS/eps_0.01_0.1
Preparing data (original features) ...
[38 18]
[45 11]
[28 28]
[34 22]
[27 29]
[40 16]
[16 40]
[49  7]
[37 19]
[48  8]
[30 26]
[41 15]
[34 22]
[27 28]
[22 33]
[29 26]
[30 25]
[29 26]
[22 33]
[37 18]
[38, 18]
[45, 11]
[28, 28]
[34, 22]
[27, 29]
[40, 16]
[16, 40]
[49, 7]
[37, 19]
[48, 8]
[30, 26]
[41, 15]
[34, 22]
[27, 28]
[22, 33]
[29, 26]
[30, 25]
[29, 26]
[22, 33]
[37, 18]
PROTEINS_fedstar_property_200
                    best_test_acc  final_test_acc  final_best_test_acc
0-PROTEINS-normal        0.906061        0.792929             0.804545
1-PROTEINS-normal        0.857576        0.726263             0.743939
2-PROTEINS-normal        0.780808        0.543939             0.573737
3-PROTEINS-normal        0.863131        0.797475             0.780303
4-PROTEINS-normal        0.825758        0.592929             0.622222
5-PROTEINS-normal        0.903030        0.754545             0.765657
6-PROTEINS-normal        0.842424        0.621717             0.627778
7-PROTEINS-normal        0.881818        0.786364             0.769192
8-PROTEINS-normal        0.897475        0.735859             0.754040
9-PROTEINS-normal        0.906061        0.822727             0.822727
10-PROTEINS-normal       0.828283        0.639394             0.652020
11-PROTEINS-normal       0.838384        0.740404             0.733838
12-PROTEINS-normal       0.790404        0.552020             0.594444
13-PROTEINS-normal       0.806061        0.648485             0.666667
14-PROTEINS-normal       0.836364        0.684848             0.690909
15-PROTEINS-normal       0.757576        0.557576             0.624242
16-PROTEINS-normal       0.793939        0.515152             0.569697
17-PROTEINS-normal       0.781818        0.575758             0.606061
18-PROTEINS-normal       0.860606        0.703030             0.703030
19-PROTEINS-normal       0.812121        0.678788             0.666667
mean                     0.838485        0.673510             0.688586
std                      0.029095        0.037451             0.032158
training time:1179.4715
Output Path: ./outputs/seqLen10/multiDS-nonOverlap/PROTEINS/eps_0.01_0.1
Preparing data (original features) ...
[27 18]
[33 12]
[24 21]
[24 21]
[26 19]
[31 14]
[13 32]
[36  9]
[28 17]
[37  8]
[28 17]
[33 12]
[26 19]
[18 26]
[24 20]
[25 19]
[30 14]
[25 19]
[17 27]
[29 15]
[30 14]
[17 27]
[20 24]
[30 14]
[32 12]
[27, 18]
[33, 12]
[24, 21]
[24, 21]
[26, 19]
[31, 14]
[13, 32]
[36, 9]
[28, 17]
[37, 8]
[28, 17]
[33, 12]
[26, 19]
[18, 26]
[24, 20]
[25, 19]
[30, 14]
[25, 19]
[17, 27]
[29, 15]
[30, 14]
[17, 27]
[20, 24]
[30, 14]
[32, 12]
PROTEINS_fedstar_property_200
                    best_test_acc  final_test_acc  final_best_test_acc
0-PROTEINS-normal        0.874074        0.711111             0.725926
1-PROTEINS-normal        0.896296        0.696296             0.740741
2-PROTEINS-normal        0.822222        0.585185             0.592593
3-PROTEINS-normal        0.718519        0.555556             0.548148
4-PROTEINS-normal        0.777778        0.555556             0.577778
5-PROTEINS-normal        0.807407        0.614815             0.681481
6-PROTEINS-normal        0.859259        0.570370             0.614815
7-PROTEINS-normal        0.881481        0.770370             0.792593
8-PROTEINS-normal        0.800000        0.651852             0.651852
9-PROTEINS-normal        0.866667        0.770370             0.792593
10-PROTEINS-normal       0.762963        0.562963             0.562963
11-PROTEINS-normal       0.896296        0.688889             0.725926
12-PROTEINS-normal       0.837037        0.651852             0.696296
13-PROTEINS-normal       0.873148        0.687963             0.704630
14-PROTEINS-normal       0.775926        0.585185             0.593519
15-PROTEINS-normal       0.883333        0.702778             0.732407
16-PROTEINS-normal       0.907407        0.809259             0.809259
17-PROTEINS-normal       0.789815        0.622222             0.613889
18-PROTEINS-normal       0.880556        0.670370             0.715741
19-PROTEINS-normal       0.809259        0.560185             0.605556
20-PROTEINS-normal       0.827778        0.648148             0.671296
21-PROTEINS-normal       0.836111        0.625926             0.639815
22-PROTEINS-normal       0.767593        0.562037             0.584259
23-PROTEINS-normal       0.831481        0.687963             0.716667
24-PROTEINS-normal       0.909259        0.840741             0.841667
mean                     0.835667        0.655519             0.677296
std                      0.017110        0.026470             0.023800
training time:1445.8725
Output Path: ./outputs/seqLen10/multiDS-nonOverlap/PROTEINS/eps_0.01_0.1
Preparing data (original features) ...
[47 28]
[48 27]
[43 32]
[41 33]
[45 29]
[45 29]
[32 42]
[61 13]
[54 20]
[53 21]
[44 30]
[48 26]
[49 25]
[23 51]
[30 44]
[47, 28]
[48, 27]
[43, 32]
[41, 33]
[45, 29]
[45, 29]
[32, 42]
[61, 13]
[54, 20]
[53, 21]
[44, 30]
[48, 26]
[49, 25]
[23, 51]
[30, 44]
PROTEINS_fedstar_property_200
                    best_test_acc  final_test_acc  final_best_test_acc
0-PROTEINS-normal        0.893333        0.777778             0.795556
1-PROTEINS-normal        0.866667        0.791111             0.791111
2-PROTEINS-normal        0.808889        0.595556             0.648889
3-PROTEINS-normal        0.747937        0.662222             0.649206
4-PROTEINS-normal        0.851429        0.693333             0.689524
5-PROTEINS-normal        0.784762        0.658730             0.671746
6-PROTEINS-normal        0.834921        0.689206             0.666984
7-PROTEINS-normal        0.915238        0.789206             0.825079
8-PROTEINS-normal        0.859683        0.701587             0.724444
9-PROTEINS-normal        0.820952        0.712698             0.726667
10-PROTEINS-normal       0.834603        0.695556             0.718095
11-PROTEINS-normal       0.838095        0.748889             0.748571
12-PROTEINS-normal       0.837460        0.707937             0.716825
13-PROTEINS-normal       0.849841        0.746984             0.751111
14-PROTEINS-normal       0.855873        0.716825             0.729524
mean                     0.839979        0.712508             0.723556
std                      0.011330        0.016437             0.013900
training time:909.7080
Output Path: ./outputs/seqLen10/multiDS-nonOverlap/PROTEINS/eps_0.01_0.1
Preparing data (original features) ...
[37 19]
[43 13]
[30 26]
[33 23]
[27 29]
[38 18]
[20 36]
[48  8]
[37 19]
[46 10]
[30 26]
[40 16]
[32 24]
[28 27]
[24 31]
[30 25]
[30 25]
[28 27]
[25 30]
[37 18]
[37, 19]
[43, 13]
[30, 26]
[33, 23]
[27, 29]
[38, 18]
[20, 36]
[48, 8]
[37, 19]
[46, 10]
[30, 26]
[40, 16]
[32, 24]
[28, 27]
[24, 31]
[30, 25]
[30, 25]
[28, 27]
[25, 30]
[37, 18]
PROTEINS_fedstar_property_200
                    best_test_acc  final_test_acc  final_best_test_acc
0-PROTEINS-normal        0.839394        0.697475             0.744949
1-PROTEINS-normal        0.839394        0.672727             0.702020
2-PROTEINS-normal        0.829293        0.548485             0.548485
3-PROTEINS-normal        0.833838        0.656061             0.685859
4-PROTEINS-normal        0.868182        0.714646             0.726263
5-PROTEINS-normal        0.845455        0.748485             0.766667
6-PROTEINS-normal        0.848485        0.674747             0.692929
7-PROTEINS-normal        0.940404        0.874747             0.880303
8-PROTEINS-normal        0.809091        0.559596             0.577273
9-PROTEINS-normal        0.910606        0.837879             0.862121
10-PROTEINS-normal       0.809596        0.590404             0.608081
11-PROTEINS-normal       0.892424        0.814141             0.819697
12-PROTEINS-normal       0.811616        0.733333             0.732828
13-PROTEINS-normal       0.903030        0.739394             0.775758
14-PROTEINS-normal       0.751515        0.496970             0.521212
15-PROTEINS-normal       0.775758        0.600000             0.606061
16-PROTEINS-normal       0.751515        0.509091             0.533333
17-PROTEINS-normal       0.866667        0.684848             0.684848
18-PROTEINS-normal       0.800000        0.557576             0.569697
19-PROTEINS-normal       0.806061        0.654545             0.678788
mean                     0.836616        0.668258             0.685859
std                      0.016675        0.027600             0.025858
training time:1187.0690
Output Path: ./outputs/seqLen10/multiDS-nonOverlap/PROTEINS/eps_0.01_0.1
Preparing data (original features) ...
[26 19]
[32 13]
[26 19]
[22 23]
[26 19]
[29 16]
[19 26]
[35 10]
[28 17]
[36  9]
[28 17]
[32 13]
[26 19]
[18 26]
[25 19]
[27 17]
[30 14]
[24 20]
[20 24]
[29 15]
[30 14]
[17 27]
[24 20]
[25 19]
[29 15]
[26, 19]
[32, 13]
[26, 19]
[22, 23]
[26, 19]
[29, 16]
[19, 26]
[35, 10]
[28, 17]
[36, 9]
[28, 17]
[32, 13]
[26, 19]
[18, 26]
[25, 19]
[27, 17]
[30, 14]
[24, 20]
[20, 24]
[29, 15]
[30, 14]
[17, 27]
[24, 20]
[25, 19]
[29, 15]
PROTEINS_fedstar_property_200
                    best_test_acc  final_test_acc  final_best_test_acc
0-PROTEINS-normal        0.837037        0.607407             0.637037
1-PROTEINS-normal        0.881481        0.696296             0.733333
2-PROTEINS-normal        0.844444        0.696296             0.703704
3-PROTEINS-normal        0.814815        0.666667             0.703704
4-PROTEINS-normal        0.822222        0.614815             0.659259
5-PROTEINS-normal        0.896296        0.755556             0.807407
6-PROTEINS-normal        0.888889        0.822222             0.829630
7-PROTEINS-normal        0.874074        0.718519             0.740741
8-PROTEINS-normal        0.829630        0.659259             0.659259
9-PROTEINS-normal        0.800000        0.659259             0.688889
10-PROTEINS-normal       0.762963        0.511111             0.533333
11-PROTEINS-normal       0.814815        0.696296             0.718519
12-PROTEINS-normal       0.785185        0.600000             0.637037
13-PROTEINS-normal       0.737963        0.510185             0.534259
14-PROTEINS-normal       0.831481        0.642593             0.627778
15-PROTEINS-normal       0.813889        0.627778             0.652778
16-PROTEINS-normal       0.764815        0.575926             0.582407
17-PROTEINS-normal       0.879630        0.700000             0.751852
18-PROTEINS-normal       0.770370        0.505556             0.490741
19-PROTEINS-normal       0.859259        0.712963             0.758333
20-PROTEINS-normal       0.826852        0.683333             0.698148
21-PROTEINS-normal       0.784259        0.521296             0.590741
22-PROTEINS-normal       0.789815        0.642593             0.642593
23-PROTEINS-normal       0.856481        0.686111             0.683333
24-PROTEINS-normal       0.848148        0.712037             0.705556
mean                     0.824593        0.648963             0.670815
std                      0.011821        0.029829             0.015751
training time:1418.0861
