Output Path: ./outputs/seqLen10/multiDS-nonOverlap/NCI1/eps_0.01_0.1
Preparing data (original features) ...
[77, 88]
[104, 61]
[76, 89]
[34, 131]
[139, 26]
[117, 48]
[62, 103]
[87, 78]
[17, 148]
[88, 77]
[123, 41]
[68, 96]
[33, 131]
[30, 134]
[111, 53]
[41, 123]
[80, 84]
[5, 159]
[96, 68]
[136, 28]
[84, 80]
[155, 9]
[94, 70]
[103, 61]
[93, 71]
NCI1_Selftraining_property_200
                best_test_acc  final_test_acc  final_best_test_acc
0-NCI1-normal        0.696970        0.575758             0.515152
1-NCI1-normal        0.696970        0.696970             0.575758
2-NCI1-normal        0.696970        0.484848             0.666667
3-NCI1-normal        0.787879        0.787879             0.787879
4-NCI1-normal        0.848485        0.848485             0.848485
5-NCI1-normal        0.727273        0.727273             0.727273
6-NCI1-normal        0.666667        0.636364             0.606061
7-NCI1-normal        0.878788        0.787879             0.787879
8-NCI1-normal        0.878788        0.878788             0.878788
9-NCI1-normal        0.666667        0.606061             0.545455
10-NCI1-normal       0.757576        0.757576             0.757576
11-NCI1-normal       0.606061        0.606061             0.575758
12-NCI1-normal       0.787879        0.787879             0.787879
13-NCI1-normal       0.818182        0.787879             0.818182
14-NCI1-normal       0.757576        0.696970             0.696970
15-NCI1-normal       0.727273        0.727273             0.727273
16-NCI1-normal       0.666667        0.606061             0.636364
17-NCI1-normal       0.969697        0.969697             0.969697
18-NCI1-normal       0.696970        0.545455             0.606061
19-NCI1-normal       0.848485        0.848485             0.848485
20-NCI1-normal       0.787879        0.727273             0.575758
21-NCI1-normal       0.939394        0.939394             0.939394
22-NCI1-normal       0.787879        0.727273             0.666667
23-NCI1-normal       0.757576        0.636364             0.636364
24-NCI1-normal       0.606061        0.575758             0.575758
mean                 0.762424        0.718788             0.710303
std                  0.000000        0.000000             0.000000
training time:102.0615
Output Path: ./outputs/seqLen10/multiDS-nonOverlap/NCI1/eps_0.01_0.1
Preparing data (original features) ...
[77, 88]
[104, 61]
[76, 89]
[34, 131]
[139, 26]
[117, 48]
[62, 103]
[87, 78]
[17, 148]
[88, 77]
[123, 41]
[68, 96]
[33, 131]
[30, 134]
[111, 53]
[41, 123]
[80, 84]
[5, 159]
[96, 68]
[136, 28]
[84, 80]
[155, 9]
[94, 70]
[103, 61]
[93, 71]
NCI1_FedAvg_property_200
                best_test_acc  final_test_acc  final_best_test_acc
0-NCI1-normal        0.727273        0.636364             0.696970
1-NCI1-normal        0.666667        0.454545             0.393939
2-NCI1-normal        0.636364        0.545455             0.545455
3-NCI1-normal        0.818182        0.696970             0.636364
4-NCI1-normal        0.848485        0.636364             0.696970
5-NCI1-normal        0.757576        0.606061             0.666667
6-NCI1-normal        0.696970        0.575758             0.575758
7-NCI1-normal        0.787879        0.757576             0.757576
8-NCI1-normal        0.878788        0.727273             0.696970
9-NCI1-normal        0.666667        0.515152             0.606061
10-NCI1-normal       0.848485        0.727273             0.757576
11-NCI1-normal       0.636364        0.545455             0.545455
12-NCI1-normal       0.757576        0.636364             0.636364
13-NCI1-normal       0.848485        0.606061             0.545455
14-NCI1-normal       0.787879        0.636364             0.636364
15-NCI1-normal       0.757576        0.606061             0.545455
16-NCI1-normal       0.696970        0.666667             0.696970
17-NCI1-normal       0.939394        0.696970             0.575758
18-NCI1-normal       0.606061        0.515152             0.454545
19-NCI1-normal       0.909091        0.606061             0.696970
20-NCI1-normal       0.787879        0.696970             0.757576
21-NCI1-normal       0.939394        0.606061             0.636364
22-NCI1-normal       0.727273        0.696970             0.636364
23-NCI1-normal       0.757576        0.636364             0.636364
24-NCI1-normal       0.636364        0.575758             0.575758
mean                 0.764848        0.624242             0.624242
std                  0.000000        0.000000             0.000000
training time:115.9808
Output Path: ./outputs/seqLen10/multiDS-nonOverlap/NCI1/eps_0.01_0.1
Preparing data (original features) ...
[77, 88]
[104, 61]
[76, 89]
[34, 131]
[139, 26]
[117, 48]
[62, 103]
[87, 78]
[17, 148]
[88, 77]
[123, 41]
[68, 96]
[33, 131]
[30, 134]
[111, 53]
[41, 123]
[80, 84]
[5, 159]
[96, 68]
[136, 28]
[84, 80]
[155, 9]
[94, 70]
[103, 61]
[93, 71]
NCI1_FedProx_property_200
                best_test_acc  final_test_acc  final_best_test_acc
0-NCI1-normal        0.727273        0.666667             0.727273
1-NCI1-normal        0.636364        0.424242             0.454545
2-NCI1-normal        0.636364        0.606061             0.636364
3-NCI1-normal        0.818182        0.666667             0.696970
4-NCI1-normal        0.787879        0.606061             0.757576
5-NCI1-normal        0.666667        0.606061             0.636364
6-NCI1-normal        0.666667        0.606061             0.606061
7-NCI1-normal        0.757576        0.727273             0.727273
8-NCI1-normal        0.878788        0.727273             0.636364
9-NCI1-normal        0.666667        0.606061             0.666667
10-NCI1-normal       0.818182        0.727273             0.818182
11-NCI1-normal       0.636364        0.575758             0.575758
12-NCI1-normal       0.787879        0.606061             0.606061
13-NCI1-normal       0.848485        0.575758             0.545455
14-NCI1-normal       0.818182        0.666667             0.696970
15-NCI1-normal       0.727273        0.606061             0.545455
16-NCI1-normal       0.696970        0.666667             0.696970
17-NCI1-normal       0.969697        0.636364             0.636364
18-NCI1-normal       0.636364        0.545455             0.545455
19-NCI1-normal       0.727273        0.606061             0.696970
20-NCI1-normal       0.757576        0.696970             0.727273
21-NCI1-normal       0.666667        0.575758             0.575758
22-NCI1-normal       0.666667        0.636364             0.636364
23-NCI1-normal       0.636364        0.606061             0.575758
24-NCI1-normal       0.636364        0.606061             0.606061
mean                 0.730909        0.623030             0.641212
std                  0.000000        0.000000             0.000000
training time:143.6319
Output Path: ./outputs/seqLen10/multiDS-nonOverlap/NCI1/eps_0.01_0.1
Preparing data (original features) ...
[77, 88]
[104, 61]
[76, 89]
[34, 131]
[139, 26]
[117, 48]
[62, 103]
[87, 78]
[17, 148]
[88, 77]
[123, 41]
[68, 96]
[33, 131]
[30, 134]
[111, 53]
[41, 123]
[80, 84]
[5, 159]
[96, 68]
[136, 28]
[84, 80]
[155, 9]
[94, 70]
[103, 61]
[93, 71]
NCI1_Scaffold_property_200
                best_test_acc  final_test_acc  final_best_test_acc
0-NCI1-normal        0.727273        0.484848             0.606061
1-NCI1-normal        0.727273        0.363636             0.666667
2-NCI1-normal        0.727273        0.515152             0.545455
3-NCI1-normal        0.818182        0.818182             0.818182
4-NCI1-normal        0.878788        0.424242             0.818182
5-NCI1-normal        0.757576        0.333333             0.727273
6-NCI1-normal        0.696970        0.636364             0.606061
7-NCI1-normal        0.878788        0.727273             0.515152
8-NCI1-normal        0.878788        0.787879             0.848485
9-NCI1-normal        0.696970        0.545455             0.606061
10-NCI1-normal       0.818182        0.787879             0.757576
11-NCI1-normal       0.666667        0.424242             0.515152
12-NCI1-normal       0.787879        0.757576             0.636364
13-NCI1-normal       0.848485        0.787879             0.787879
14-NCI1-normal       0.818182        0.606061             0.545455
15-NCI1-normal       0.787879        0.424242             0.696970
16-NCI1-normal       0.696970        0.575758             0.545455
17-NCI1-normal       0.969697        0.909091             0.878788
18-NCI1-normal       0.696970        0.424242             0.666667
19-NCI1-normal       0.909091        0.848485             0.848485
20-NCI1-normal       0.818182        0.787879             0.727273
21-NCI1-normal       0.939394        0.727273             0.757576
22-NCI1-normal       0.787879        0.727273             0.454545
23-NCI1-normal       0.787879        0.666667             0.666667
24-NCI1-normal       0.666667        0.636364             0.666667
mean                 0.791515        0.629091             0.676364
std                  0.000000        0.000000             0.000000
training time:117.5231
Output Path: ./outputs/seqLen10/multiDS-nonOverlap/NCI1/eps_0.01_0.1
Preparing data (original features) ...
[77, 88]
[104, 61]
[76, 89]
[34, 131]
[139, 26]
[117, 48]
[62, 103]
[87, 78]
[17, 148]
[88, 77]
[123, 41]
[68, 96]
[33, 131]
[30, 134]
[111, 53]
[41, 123]
[80, 84]
[5, 159]
[96, 68]
[136, 28]
[84, 80]
[155, 9]
[94, 70]
[103, 61]
[93, 71]
NCI1_GCFL_property_200
                best_test_acc  final_test_acc  final_best_test_acc
0-NCI1-normal        0.757576        0.636364             0.727273
1-NCI1-normal        0.696970        0.424242             0.666667
2-NCI1-normal        0.666667        0.606061             0.636364
3-NCI1-normal        0.818182        0.787879             0.787879
4-NCI1-normal        0.848485        0.848485             0.848485
5-NCI1-normal        0.727273        0.727273             0.727273
6-NCI1-normal        0.696970        0.636364             0.606061
7-NCI1-normal        0.787879        0.666667             0.757576
8-NCI1-normal        0.878788        0.878788             0.878788
9-NCI1-normal        0.696970        0.636364             0.636364
10-NCI1-normal       0.848485        0.636364             0.787879
11-NCI1-normal       0.666667        0.575758             0.606061
12-NCI1-normal       0.787879        0.787879             0.787879
13-NCI1-normal       0.848485        0.818182             0.818182
14-NCI1-normal       0.848485        0.696970             0.757576
15-NCI1-normal       0.727273        0.727273             0.727273
16-NCI1-normal       0.666667        0.606061             0.636364
17-NCI1-normal       0.969697        0.969697             0.969697
18-NCI1-normal       0.636364        0.484848             0.575758
19-NCI1-normal       0.848485        0.848485             0.848485
20-NCI1-normal       0.787879        0.727273             0.787879
21-NCI1-normal       0.939394        0.939394             0.939394
22-NCI1-normal       0.757576        0.575758             0.727273
23-NCI1-normal       0.696970        0.606061             0.636364
24-NCI1-normal       0.666667        0.636364             0.545455
mean                 0.770909        0.699394             0.736970
std                  0.000000        0.000000             0.000000
training time:160.3942
slurmstepd: error: _handle_accept: Invalid Protocol Version 8704
slurmstepd: error: _handle_accept: Invalid Protocol Version 0
Output Path: ./outputs/seqLen10/multiDS-nonOverlap/NCI1/eps_0.01_0.1
Preparing data (original features) ...
[77, 88]
[104, 61]
[76, 89]
[34, 131]
[139, 26]
[117, 48]
[62, 103]
[87, 78]
[17, 148]
[88, 77]
[123, 41]
[68, 96]
[33, 131]
[30, 134]
[111, 53]
[41, 123]
[80, 84]
[5, 159]
[96, 68]
[136, 28]
[84, 80]
[155, 9]
[94, 70]
[103, 61]
[93, 71]
(0.6190565568208695, 0.669090909090909)
(0.6220627564191819, 0.6812121212121213)
(0.6261903554201126, 0.673939393939394)
(0.6203259611129761, 0.6618181818181819)
(0.6120807653665543, 0.6690909090909091)
(0.6055022817850113, 0.6739393939393937)
(0.6047826516628265, 0.6739393939393937)
(0.603187017440796, 0.6775757575757575)
(0.6001854383945465, 0.6727272727272726)
(0.5963211357593536, 0.6618181818181817)
(0.5958373463153839, 0.6751515151515151)
(0.5979946362972259, 0.6775757575757575)
(0.5988149350881576, 0.6533333333333333)
(0.5998437428474426, 0.6581818181818181)
(0.6006410819292068, 0.6690909090909091)
(0.5977812504768372, 0.6606060606060606)
(0.5951494359970093, 0.6606060606060606)
(0.5938529074192047, 0.6581818181818181)
(0.5929000473022461, 0.6654545454545455)
(0.5924875152111053, 0.673939393939394)
(0.591704393029213, 0.6666666666666667)
(0.5898229467868805, 0.6715151515151515)
(0.587481364607811, 0.6654545454545455)
(0.5852366495132446, 0.6496969696969697)
(0.583298248052597, 0.6654545454545453)
(0.5820266687870026, 0.6763636363636364)
(0.5813503271341324, 0.6775757575757575)
(0.5816613006591796, 0.6703030303030302)
(0.5827703213691712, 0.6690909090909091)
(0.5843874263763428, 0.6642424242424242)
(0.5867130100727082, 0.6642424242424244)
(0.5895601445436478, 0.6751515151515153)
(0.5915752708911896, 0.6751515151515152)
(0.5928156065940857, 0.6824242424242424)
(0.591466703414917, 0.6763636363636363)
(0.5875709772109985, 0.6763636363636364)
(0.5848925352096558, 0.6642424242424242)
(0.583974398970604, 0.6581818181818181)
(0.5828216129541397, 0.6606060606060606)
(0.581067151427269, 0.6690909090909091)
(0.5795525467395782, 0.6751515151515151)
(0.5796277248859405, 0.6848484848484847)
(0.5797292393445969, 0.6824242424242424)
(0.5806374925374985, 0.6799999999999998)
(0.5816148513555527, 0.6775757575757575)
(0.5819770783185959, 0.6860606060606059)
(0.5829701095819473, 0.673939393939394)
(0.5830573803186416, 0.6751515151515151)
(0.5825795435905456, 0.6666666666666667)
(0.5823585206270218, 0.6618181818181817)
(0.5818171256780624, 0.6509090909090909)
(0.5809932386875153, 0.652121212121212)
(0.5808268094062805, 0.6557575757575758)
(0.5810308986902237, 0.6690909090909091)
(0.5816970086097717, 0.6727272727272726)
(0.5830934828519821, 0.6703030303030302)
(0.585358914732933, 0.6703030303030303)
(0.5872279793024063, 0.6654545454545455)
(0.5884398567676544, 0.6606060606060605)
(0.5874853962659836, 0.6606060606060605)
(0.585312659740448, 0.667878787878788)
(0.5835183018445969, 0.673939393939394)
(0.5832887905836105, 0.6775757575757575)
(0.5837238329648972, 0.6715151515151515)
(0.583635442852974, 0.6727272727272728)
(0.5825497192144394, 0.6727272727272728)
(0.5813638114929199, 0.6642424242424242)
(0.5805159413814545, 0.6630303030303031)
(0.580126713514328, 0.6654545454545455)
(0.5798759537935257, 0.6812121212121213)
(0.5803100198507309, 0.6848484848484848)
(0.5806701785326004, 0.6824242424242422)
(0.5806515073776245, 0.6872727272727271)
(0.5801395672559738, 0.6824242424242425)
(0.5785594499111175, 0.6860606060606059)
(0.577241393327713, 0.6872727272727274)
(0.5771805953979492, 0.6690909090909091)
(0.5776617968082428, 0.6690909090909092)
(0.5782962727546692, 0.6642424242424242)
(0.5785985362529754, 0.6581818181818181)
(0.5777013438940048, 0.656969696969697)
(0.5769934684038163, 0.6666666666666665)
(0.5784058421850204, 0.6666666666666667)
(0.5827414524555207, 0.6666666666666665)
(0.5818073928356171, 0.6715151515151514)
(0.578184574842453, 0.673939393939394)
(0.5775285363197327, 0.68)
(0.5778548234701156, 0.6896969696969698)
(0.5770947057008743, 0.6872727272727275)
(0.5759883683919906, 0.686060606060606)
(0.5744764345884323, 0.6884848484848485)
(0.5733633649349212, 0.6775757575757575)
(0.5733755248785019, 0.6787878787878786)
(0.5730247116088867, 0.6787878787878786)
(0.5721625870466233, 0.6836363636363636)
(0.5712016618251801, 0.6836363636363636)
(0.5706953567266464, 0.6860606060606059)
(0.5704897958040237, 0.6812121212121213)
(0.5702292799949646, 0.6860606060606059)
(0.5697784566879273, 0.68)
(0.5706231808662414, 0.6751515151515152)
(0.5720358729362488, 0.6715151515151514)
(0.5716967183351517, 0.673939393939394)
(0.5693595999479294, 0.6824242424242425)
(0.568337909579277, 0.6933333333333332)
(0.5688197249174118, 0.6933333333333335)
(0.5693958067893982, 0.6933333333333332)
(0.56886097073555, 0.6909090909090909)
(0.5691777497529984, 0.6945454545454546)
(0.5703020089864731, 0.6945454545454547)
(0.571040506362915, 0.6921212121212121)
(0.5711598467826843, 0.6921212121212121)
(0.5709646809101104, 0.6933333333333332)
(0.5703012162446975, 0.6945454545454546)
(0.5693407982587815, 0.6909090909090909)
(0.5693992072343826, 0.6957575757575758)
(0.5703167510032654, 0.684848484848485)
(0.5715404093265534, 0.6751515151515152)
(0.5740657514333725, 0.6690909090909091)
(0.5750168067216873, 0.6703030303030303)
(0.5749440783262253, 0.6799999999999998)
(0.5742989081144333, 0.6909090909090909)
(0.573316131234169, 0.6909090909090909)
(0.5716069835424423, 0.6896969696969697)
(0.5698532116413116, 0.686060606060606)
(0.5687765061855317, 0.6909090909090909)
(0.5699502336978912, 0.6957575757575757)
(0.5709548962116241, 0.6896969696969696)
(0.5708836966753006, 0.6860606060606059)
(0.5702850353717804, 0.6848484848484847)
(0.5688899242877961, 0.6872727272727274)
(0.5677002590894699, 0.686060606060606)
(0.5676687467098236, 0.6921212121212121)
(0.5682978570461273, 0.6933333333333332)
(0.5694180953502656, 0.6909090909090908)
(0.5721917021274566, 0.6848484848484848)
(0.5762346905469894, 0.672727272727273)
(0.5802101296186447, 0.6703030303030303)
(0.5800683444738388, 0.6715151515151514)
(0.5763635277748108, 0.6751515151515153)
(0.5728005468845367, 0.6860606060606059)
(0.5708387649059296, 0.6884848484848485)
(0.5702669030427933, 0.6993939393939392)
(0.5686345010995865, 0.7066666666666666)
(0.5674729454517364, 0.7115151515151515)
(0.5695815360546113, 0.7066666666666666)
(0.5693353527784347, 0.703030303030303)
(0.5694433099031448, 0.7018181818181817)
(0.5699764829874039, 0.6945454545454546)
(0.5693563008308411, 0.6993939393939393)
(0.5695498996973037, 0.6896969696969698)
(0.5702686452865601, 0.6812121212121213)
(0.571234928369522, 0.6739393939393937)
(0.5714684498310089, 0.673939393939394)
(0.5707441443204879, 0.6787878787878787)
(0.5704546988010406, 0.68)
(0.5701425218582153, 0.6872727272727274)
(0.5713605326414108, 0.6872727272727271)
(0.5725547575950622, 0.6957575757575759)
(0.5727156627178193, 0.7030303030303031)
(0.5715283298492432, 0.6945454545454546)
(0.5713141864538193, 0.6921212121212121)
(0.5739869076013565, 0.6872727272727271)
(0.5768626350164413, 0.6812121212121212)
(0.5768009620904923, 0.6763636363636363)
(0.5749985748529434, 0.673939393939394)
(0.57429263651371, 0.6727272727272728)
(0.5721702355146409, 0.6751515151515151)
(0.5698138970136643, 0.68)
(0.5673974686861039, 0.6860606060606059)
(0.5659070366621017, 0.692121212121212)
(0.5652569013834, 0.6872727272727274)
(0.5647817158699036, 0.6957575757575758)
(0.5647955060005188, 0.6921212121212121)
(0.5655991965532303, 0.686060606060606)
(0.5667570263147355, 0.6896969696969698)
(0.5673669582605362, 0.6872727272727275)
(0.567301933169365, 0.6787878787878787)
(0.5669685256481171, 0.6775757575757575)
(0.5660162627696991, 0.6775757575757575)
(0.5651739400625229, 0.6775757575757574)
(0.5649752020835876, 0.6872727272727274)
(0.5656086331605912, 0.6921212121212121)
(0.5665484881401062, 0.6933333333333332)
(0.5665159720182419, 0.6909090909090908)
(0.5664147746562957, 0.692121212121212)
(0.5667723566293716, 0.686060606060606)
(0.5668160641193389, 0.6872727272727271)
(0.5663121336698532, 0.6896969696969697)
(0.5656000685691833, 0.6848484848484848)
(0.5664086943864822, 0.6775757575757575)
(0.5683560872077942, 0.6775757575757575)
(0.567928530573845, 0.6812121212121213)
(0.5640756410360336, 0.6872727272727274)
(0.5627368241548538, 0.6945454545454544)
(0.5632155478000641, 0.7006060606060607)
(0.564296989440918, 0.6993939393939396)
(0.5644425040483475, 0.7006060606060608)
(0.5643823140859604, 0.6981818181818182)
(0.5654688888788223, 0.6921212121212121)
NCI1_fedstar_property_200
                best_test_acc  final_test_acc  final_best_test_acc
0-NCI1-normal        0.696970        0.636364             0.636364
1-NCI1-normal        0.787879        0.666667             0.727273
2-NCI1-normal        0.666667        0.484848             0.545455
3-NCI1-normal        0.787879        0.787879             0.787879
4-NCI1-normal        0.848485        0.848485             0.848485
5-NCI1-normal        0.757576        0.696970             0.757576
6-NCI1-normal        0.787879        0.666667             0.757576
7-NCI1-normal        0.787879        0.575758             0.606061
8-NCI1-normal        0.878788        0.878788             0.878788
9-NCI1-normal        0.757576        0.757576             0.666667
10-NCI1-normal       0.757576        0.757576             0.757576
11-NCI1-normal       0.606061        0.515152             0.545455
12-NCI1-normal       0.787879        0.787879             0.787879
13-NCI1-normal       0.818182        0.818182             0.818182
14-NCI1-normal       0.727273        0.696970             0.696970
15-NCI1-normal       0.757576        0.696970             0.666667
16-NCI1-normal       0.666667        0.575758             0.606061
17-NCI1-normal       0.969697        0.969697             0.969697
18-NCI1-normal       0.606061        0.515152             0.545455
19-NCI1-normal       0.909091        0.848485             0.848485
20-NCI1-normal       0.606061        0.575758             0.454545
21-NCI1-normal       0.939394        0.939394             0.939394
22-NCI1-normal       0.787879        0.606061             0.606061
23-NCI1-normal       0.666667        0.636364             0.636364
24-NCI1-normal       0.636364        0.363636             0.424242
mean                 0.760000        0.692121             0.700606
std                  0.000000        0.000000             0.000000
training time:211.9243
Output Path: ./outputs/seqLen10/multiDS-nonOverlap/NCI1/eps_0.01_0.1
Preparing data (original features) ...
[77, 88]
[104, 61]
[76, 89]
[34, 131]
[139, 26]
[117, 48]
[62, 103]
[87, 78]
[17, 148]
[88, 77]
[123, 41]
[68, 96]
[33, 131]
[30, 134]
[111, 53]
[41, 123]
[80, 84]
[5, 159]
[96, 68]
[136, 28]
[84, 80]
[155, 9]
[94, 70]
[103, 61]
[93, 71]
average client graph
tensor([[0.0441, 0.0350, 0.0437, 0.0426, 0.0348, 0.0386, 0.0436, 0.0360, 0.0422,
         0.0416, 0.0348, 0.0438, 0.0423, 0.0426, 0.0349, 0.0430, 0.0401, 0.0421,
         0.0394, 0.0418, 0.0427, 0.0348, 0.0350, 0.0379, 0.0428],
        [0.0344, 0.0512, 0.0334, 0.0311, 0.0516, 0.0440, 0.0336, 0.0493, 0.0301,
         0.0384, 0.0515, 0.0338, 0.0306, 0.0311, 0.0510, 0.0317, 0.0411, 0.0296,
         0.0423, 0.0390, 0.0366, 0.0517, 0.0510, 0.0448, 0.0371],
        [0.0440, 0.0343, 0.0443, 0.0437, 0.0339, 0.0378, 0.0439, 0.0354, 0.0437,
         0.0411, 0.0339, 0.0442, 0.0437, 0.0438, 0.0342, 0.0441, 0.0399, 0.0438,
         0.0388, 0.0410, 0.0425, 0.0339, 0.0343, 0.0372, 0.0424],
        [0.0436, 0.0325, 0.0445, 0.0478, 0.0318, 0.0360, 0.0448, 0.0339, 0.0486,
         0.0397, 0.0319, 0.0443, 0.0481, 0.0477, 0.0323, 0.0468, 0.0391, 0.0489,
         0.0371, 0.0390, 0.0410, 0.0317, 0.0326, 0.0354, 0.0410],
        [0.0341, 0.0515, 0.0330, 0.0303, 0.0524, 0.0446, 0.0332, 0.0497, 0.0292,
         0.0386, 0.0522, 0.0334, 0.0298, 0.0303, 0.0516, 0.0310, 0.0412, 0.0287,
         0.0428, 0.0394, 0.0364, 0.0525, 0.0515, 0.0455, 0.0371],
        [0.0378, 0.0437, 0.0368, 0.0343, 0.0444, 0.0475, 0.0369, 0.0420, 0.0333,
         0.0421, 0.0443, 0.0372, 0.0338, 0.0343, 0.0438, 0.0350, 0.0405, 0.0328,
         0.0431, 0.0427, 0.0400, 0.0445, 0.0437, 0.0447, 0.0406],
        [0.0438, 0.0344, 0.0439, 0.0439, 0.0340, 0.0380, 0.0441, 0.0355, 0.0437,
         0.0411, 0.0341, 0.0440, 0.0438, 0.0439, 0.0343, 0.0440, 0.0398, 0.0437,
         0.0388, 0.0411, 0.0422, 0.0340, 0.0344, 0.0373, 0.0424],
        [0.0355, 0.0494, 0.0346, 0.0325, 0.0500, 0.0424, 0.0348, 0.0494, 0.0316,
         0.0377, 0.0499, 0.0348, 0.0321, 0.0325, 0.0496, 0.0331, 0.0415, 0.0313,
         0.0419, 0.0383, 0.0365, 0.0501, 0.0493, 0.0436, 0.0375],
        [0.0435, 0.0318, 0.0449, 0.0491, 0.0309, 0.0352, 0.0450, 0.0333, 0.0504,
         0.0393, 0.0311, 0.0444, 0.0497, 0.0491, 0.0316, 0.0479, 0.0388, 0.0509,
         0.0365, 0.0382, 0.0408, 0.0307, 0.0318, 0.0346, 0.0405],
        [0.0411, 0.0386, 0.0404, 0.0383, 0.0389, 0.0425, 0.0404, 0.0378, 0.0376,
         0.0443, 0.0388, 0.0406, 0.0380, 0.0383, 0.0386, 0.0389, 0.0393, 0.0373,
         0.0414, 0.0437, 0.0431, 0.0390, 0.0387, 0.0417, 0.0426],
        [0.0341, 0.0514, 0.0330, 0.0304, 0.0523, 0.0445, 0.0332, 0.0497, 0.0294,
         0.0386, 0.0521, 0.0334, 0.0299, 0.0304, 0.0516, 0.0311, 0.0412, 0.0289,
         0.0427, 0.0393, 0.0364, 0.0524, 0.0514, 0.0454, 0.0371],
        [0.0440, 0.0344, 0.0441, 0.0434, 0.0342, 0.0381, 0.0439, 0.0355, 0.0431,
         0.0412, 0.0342, 0.0446, 0.0433, 0.0434, 0.0344, 0.0439, 0.0400, 0.0432,
         0.0390, 0.0412, 0.0424, 0.0342, 0.0345, 0.0374, 0.0424],
        [0.0435, 0.0322, 0.0447, 0.0483, 0.0314, 0.0356, 0.0449, 0.0337, 0.0494,
         0.0395, 0.0315, 0.0443, 0.0489, 0.0483, 0.0320, 0.0473, 0.0389, 0.0498,
         0.0368, 0.0387, 0.0410, 0.0312, 0.0322, 0.0351, 0.0408],
        [0.0436, 0.0325, 0.0446, 0.0477, 0.0318, 0.0360, 0.0448, 0.0340, 0.0485,
         0.0397, 0.0319, 0.0443, 0.0481, 0.0477, 0.0323, 0.0467, 0.0391, 0.0489,
         0.0371, 0.0390, 0.0411, 0.0316, 0.0326, 0.0354, 0.0411],
        [0.0343, 0.0510, 0.0334, 0.0309, 0.0518, 0.0441, 0.0335, 0.0495, 0.0299,
         0.0385, 0.0517, 0.0337, 0.0304, 0.0309, 0.0513, 0.0316, 0.0413, 0.0294,
         0.0425, 0.0390, 0.0365, 0.0519, 0.0510, 0.0450, 0.0371],
        [0.0438, 0.0329, 0.0447, 0.0465, 0.0323, 0.0365, 0.0446, 0.0343, 0.0470,
         0.0400, 0.0324, 0.0446, 0.0467, 0.0464, 0.0328, 0.0463, 0.0395, 0.0473,
         0.0376, 0.0395, 0.0415, 0.0322, 0.0330, 0.0359, 0.0414],
        [0.0396, 0.0413, 0.0392, 0.0377, 0.0416, 0.0410, 0.0392, 0.0416, 0.0371,
         0.0394, 0.0415, 0.0394, 0.0374, 0.0377, 0.0415, 0.0383, 0.0454, 0.0368,
         0.0419, 0.0391, 0.0387, 0.0416, 0.0413, 0.0419, 0.0398],
        [0.0436, 0.0314, 0.0452, 0.0497, 0.0304, 0.0348, 0.0452, 0.0330, 0.0512,
         0.0391, 0.0306, 0.0445, 0.0504, 0.0497, 0.0312, 0.0484, 0.0387, 0.0517,
         0.0362, 0.0380, 0.0409, 0.0302, 0.0314, 0.0343, 0.0404],
        [0.0387, 0.0423, 0.0378, 0.0355, 0.0429, 0.0433, 0.0379, 0.0417, 0.0347,
         0.0412, 0.0428, 0.0382, 0.0351, 0.0356, 0.0425, 0.0362, 0.0416, 0.0343,
         0.0456, 0.0425, 0.0406, 0.0430, 0.0423, 0.0432, 0.0405],
        [0.0411, 0.0390, 0.0401, 0.0376, 0.0395, 0.0429, 0.0402, 0.0382, 0.0366,
         0.0435, 0.0394, 0.0405, 0.0371, 0.0376, 0.0390, 0.0382, 0.0388, 0.0362,
         0.0425, 0.0456, 0.0432, 0.0396, 0.0388, 0.0418, 0.0431],
        [0.0424, 0.0370, 0.0420, 0.0399, 0.0369, 0.0406, 0.0418, 0.0368, 0.0394,
         0.0434, 0.0368, 0.0421, 0.0397, 0.0399, 0.0369, 0.0406, 0.0389, 0.0393,
         0.0411, 0.0437, 0.0444, 0.0369, 0.0368, 0.0398, 0.0430],
        [0.0341, 0.0516, 0.0329, 0.0302, 0.0524, 0.0446, 0.0331, 0.0498, 0.0290,
         0.0387, 0.0523, 0.0334, 0.0296, 0.0301, 0.0517, 0.0309, 0.0413, 0.0285,
         0.0429, 0.0395, 0.0364, 0.0526, 0.0516, 0.0456, 0.0372],
        [0.0344, 0.0510, 0.0334, 0.0311, 0.0516, 0.0439, 0.0336, 0.0492, 0.0301,
         0.0386, 0.0515, 0.0338, 0.0307, 0.0311, 0.0510, 0.0317, 0.0411, 0.0297,
         0.0424, 0.0389, 0.0364, 0.0517, 0.0512, 0.0449, 0.0369],
        [0.0372, 0.0447, 0.0362, 0.0338, 0.0455, 0.0448, 0.0363, 0.0434, 0.0328,
         0.0413, 0.0454, 0.0365, 0.0333, 0.0338, 0.0449, 0.0344, 0.0415, 0.0324,
         0.0431, 0.0417, 0.0393, 0.0456, 0.0448, 0.0476, 0.0396],
        [0.0423, 0.0374, 0.0417, 0.0396, 0.0374, 0.0410, 0.0417, 0.0377, 0.0389,
         0.0427, 0.0374, 0.0418, 0.0393, 0.0397, 0.0373, 0.0403, 0.0398, 0.0387,
         0.0408, 0.0433, 0.0428, 0.0375, 0.0372, 0.0400, 0.0437]])
NCI1_GPFL_property_200
                best_test_acc  final_test_acc  final_best_test_acc
0-NCI1-normal        0.727273        0.606061             0.606061
1-NCI1-normal        0.727273        0.575758             0.606061
2-NCI1-normal        0.666667        0.636364             0.606061
3-NCI1-normal        0.787879        0.787879             0.787879
4-NCI1-normal        0.878788        0.848485             0.848485
5-NCI1-normal        0.757576        0.696970             0.727273
6-NCI1-normal        0.666667        0.636364             0.636364
7-NCI1-normal        0.818182        0.696970             0.787879
8-NCI1-normal        0.878788        0.878788             0.878788
9-NCI1-normal        0.696970        0.666667             0.696970
10-NCI1-normal       0.848485        0.818182             0.787879
11-NCI1-normal       0.636364        0.636364             0.606061
12-NCI1-normal       0.787879        0.757576             0.757576
13-NCI1-normal       0.848485        0.848485             0.848485
14-NCI1-normal       0.818182        0.696970             0.666667
15-NCI1-normal       0.727273        0.727273             0.696970
16-NCI1-normal       0.696970        0.606061             0.636364
17-NCI1-normal       0.969697        0.969697             0.969697
18-NCI1-normal       0.666667        0.606061             0.666667
19-NCI1-normal       0.848485        0.848485             0.848485
20-NCI1-normal       0.848485        0.848485             0.818182
21-NCI1-normal       0.939394        0.939394             0.939394
22-NCI1-normal       0.757576        0.636364             0.696970
23-NCI1-normal       0.757576        0.696970             0.666667
24-NCI1-normal       0.636364        0.545455             0.545455
mean                 0.775758        0.728485             0.733333
std                  0.000000        0.000000             0.000000
training time:214.9284
