[155 119]
[158 116]
[119 155]
[ 85 189]
[241  33]
[192  82]
[ 88 186]
[168 106]
[ 58 216]
[151 123]
[216  58]
[ 91 183]
[ 82 192]
[ 60 214]
[189  85]
[155, 119]
[158, 116]
[119, 155]
[85, 189]
[241, 33]
[192, 82]
[88, 186]
[168, 106]
[58, 216]
[151, 123]
[216, 58]
[91, 183]
[82, 192]
[60, 214]
[189, 85]
epxeriment setting
dataset NCI1, client number 15, skew rate 1.0
mean client accuracy: 0.7287 accuracy standard deviation: 0.0077
[115  91]
[128  78]
[101 105]
[ 46 160]
[181  25]
[143  63]
[ 77 129]
[122  84]
[ 43 163]
[110  96]
[156  49]
[ 74 131]
[ 61 144]
[ 60 145]
[145  60]
[ 60 145]
[117  88]
[ 15 190]
[122  83]
[177  28]
[115, 91]
[128, 78]
[101, 105]
[46, 160]
[181, 25]
[143, 63]
[77, 129]
[122, 84]
[43, 163]
[110, 96]
[156, 49]
[74, 131]
[61, 144]
[60, 145]
[145, 60]
[60, 145]
[117, 88]
[15, 190]
[122, 83]
[177, 28]
epxeriment setting
dataset NCI1, client number 20, skew rate 1.0
mean client accuracy: 0.7302 accuracy standard deviation: 0.0060
[77 88]
[104  61]
[76 89]
[ 34 131]
[139  26]
[117  48]
[ 62 103]
[87 78]
[ 17 148]
[88 77]
[123  41]
[68 96]
[ 33 131]
[ 30 134]
[111  53]
[ 41 123]
[80 84]
[  5 159]
[96 68]
[136  28]
[84 80]
[155   9]
[94 70]
[103  61]
[93 71]
[77, 88]
[104, 61]
[76, 89]
[34, 131]
[139, 26]
[117, 48]
[62, 103]
[87, 78]
[17, 148]
[88, 77]
[123, 41]
[68, 96]
[33, 131]
[30, 134]
[111, 53]
[41, 123]
[80, 84]
[5, 159]
[96, 68]
[136, 28]
[84, 80]
[155, 9]
[94, 70]
[103, 61]
[93, 71]
epxeriment setting
dataset NCI1, client number 25, skew rate 1.0
mean client accuracy: 0.7226 accuracy standard deviation: 0.0105
[151 123]
[216  58]
[104 170]
[160 114]
[149 125]
[177  97]
[ 35 239]
[204  70]
[134 140]
[168 106]
[126 148]
[145 129]
[122 152]
[ 77 197]
[ 85 189]
[151, 123]
[216, 58]
[104, 170]
[160, 114]
[149, 125]
[177, 97]
[35, 239]
[204, 70]
[134, 140]
[168, 106]
[126, 148]
[145, 129]
[122, 152]
[77, 197]
[85, 189]
epxeriment setting
dataset NCI1, client number 15, skew rate 5.0
mean client accuracy: 0.7116 accuracy standard deviation: 0.0078
[119  87]
[163  43]
[ 89 117]
[120  86]
[106 100]
[141  65]
[ 25 181]
[160  46]
[111  95]
[126  80]
[ 96 109]
[116  89]
[ 98 107]
[ 57 148]
[ 66 139]
[ 79 126]
[ 97 108]
[124  81]
[ 47 158]
[113  92]
[119, 87]
[163, 43]
[89, 117]
[120, 86]
[106, 100]
[141, 65]
[25, 181]
[160, 46]
[111, 95]
[126, 80]
[96, 109]
[116, 89]
[98, 107]
[57, 148]
[66, 139]
[79, 126]
[97, 108]
[124, 81]
[47, 158]
[113, 92]
epxeriment setting
dataset NCI1, client number 20, skew rate 5.0
mean client accuracy: 0.6915 accuracy standard deviation: 0.0075
[96 69]
[129  36]
[72 93]
[87 78]
[87 78]
[114  51]
[ 20 145]
[119  46]
[75 90]
[98 67]
[67 97]
[88 76]
[76 88]
[ 49 115]
[ 52 112]
[ 63 101]
[74 90]
[106  58]
[ 33 131]
[103  61]
[99 65]
[73 91]
[ 44 120]
[110  54]
[119  45]
[96, 69]
[129, 36]
[72, 93]
[87, 78]
[87, 78]
[114, 51]
[20, 145]
[119, 46]
[75, 90]
[98, 67]
[67, 97]
[88, 76]
[76, 88]
[49, 115]
[52, 112]
[63, 101]
[74, 90]
[106, 58]
[33, 131]
[103, 61]
[99, 65]
[73, 91]
[44, 120]
[110, 54]
[119, 45]
epxeriment setting
dataset NCI1, client number 25, skew rate 5.0
mean client accuracy: 0.6804 accuracy standard deviation: 0.0077
[147 127]
[195  79]
[115 159]
[163 111]
[148 126]
[170 104]
[ 57 217]
[195  79]
[136 138]
[153 121]
[126 148]
[141 133]
[127 147]
[ 87 187]
[ 93 181]
[147, 127]
[195, 79]
[115, 159]
[163, 111]
[148, 126]
[170, 104]
[57, 217]
[195, 79]
[136, 138]
[153, 121]
[126, 148]
[141, 133]
[127, 147]
[87, 187]
[93, 181]
epxeriment setting
dataset NCI1, client number 15, skew rate 10.0
mean client accuracy: 0.6896 accuracy standard deviation: 0.0134
[114  92]
[148  58]
[ 92 114]
[112  94]
[106 100]
[134  72]
[ 52 154]
[148  58]
[109  97]
[113  93]
[ 99 106]
[110  95]
[ 99 106]
[ 72 133]
[ 76 129]
[ 82 123]
[ 98 107]
[117  88]
[ 60 145]
[112  93]
[114, 92]
[148, 58]
[92, 114]
[112, 94]
[106, 100]
[134, 72]
[52, 154]
[148, 58]
[109, 97]
[113, 93]
[99, 106]
[110, 95]
[99, 106]
[72, 133]
[76, 129]
[82, 123]
[98, 107]
[117, 88]
[60, 145]
[112, 93]
epxeriment setting
dataset NCI1, client number 20, skew rate 10.0
mean client accuracy: 0.6769 accuracy standard deviation: 0.0115
[93 72]
[117  48]
[74 91]
[84 81]
[87 78]
[106  59]
[ 40 125]
[109  56]
[78 87]
[88 77]
[67 97]
[83 81]
[76 88]
[ 61 103]
[ 58 106]
[66 98]
[75 89]
[101  63]
[ 45 119]
[102  62]
[95 69]
[76 88]
[65 99]
[97 67]
[110  54]
[93, 72]
[117, 48]
[74, 91]
[84, 81]
[87, 78]
[106, 59]
[40, 125]
[109, 56]
[78, 87]
[88, 77]
[67, 97]
[83, 81]
[76, 88]
[61, 103]
[58, 106]
[66, 98]
[75, 89]
[101, 63]
[45, 119]
[102, 62]
[95, 69]
[76, 88]
[65, 99]
[97, 67]
[110, 54]
epxeriment setting
dataset NCI1, client number 25, skew rate 10.0
mean client accuracy: 0.6533 accuracy standard deviation: 0.0092
