[44 31]
[44 31]
[35 40]
[22 52]
[64 10]
[54 20]
[41 33]
[54 20]
[34 40]
[55 19]
[60 14]
[46 28]
[43 31]
[15 59]
[52 22]
[44, 31]
[44, 31]
[35, 40]
[22, 52]
[64, 10]
[54, 20]
[41, 33]
[54, 20]
[34, 40]
[55, 19]
[60, 14]
[46, 28]
[43, 31]
[15, 59]
[52, 22]
epxeriment setting
dataset PROTEINS, client number 15, skew rate 1.0
mean client accuracy: 0.7206 accuracy standard deviation: 0.0221
[31 25]
[42 14]
[26 30]
[14 42]
[51  5]
[45 11]
[30 26]
[36 20]
[28 28]
[41 15]
[42 14]
[31 25]
[29 27]
[23 32]
[37 18]
[30 25]
[34 21]
[ 9 46]
[34 21]
[50  5]
[31, 25]
[42, 14]
[26, 30]
[14, 42]
[51, 5]
[45, 11]
[30, 26]
[36, 20]
[28, 28]
[41, 15]
[42, 14]
[31, 25]
[29, 27]
[23, 32]
[37, 18]
[30, 25]
[34, 21]
[9, 46]
[34, 21]
[50, 5]
epxeriment setting
dataset PROTEINS, client number 20, skew rate 1.0
mean client accuracy: 0.7351 accuracy standard deviation: 0.0120
/local/scratch/jzhou50/zjc/lib/python3.8/site-packages/sklearn/model_selection/_split.py:700: UserWarning: The least populated class in y has only 2 members, which is less than n_splits=5.
  warnings.warn(
[19 26]
[32 13]
[18 27]
[11 34]
[40  5]
[35 10]
[26 19]
[28 17]
[21 24]
[33 12]
[38  7]
[29 16]
[19 26]
[14 30]
[34 10]
[19 25]
[31 13]
[ 2 42]
[26 18]
[39  5]
[31 13]
[37  7]
[30 14]
[27 17]
[24 20]
[19, 26]
[32, 13]
[18, 27]
[11, 34]
[40, 5]
[35, 10]
[26, 19]
[28, 17]
[21, 24]
[33, 12]
[38, 7]
[29, 16]
[19, 26]
[14, 30]
[34, 10]
[19, 25]
[31, 13]
[2, 42]
[26, 18]
[39, 5]
[31, 13]
[37, 7]
[30, 14]
[27, 17]
[24, 20]
epxeriment setting
dataset PROTEINS, client number 25, skew rate 1.0
mean client accuracy: 0.7325 accuracy standard deviation: 0.0183
[48 27]
[53 22]
[40 35]
[41 33]
[45 29]
[47 27]
[27 47]
[63 11]
[54 20]
[55 19]
[43 31]
[50 24]
[49 25]
[20 54]
[28 46]
[48, 27]
[53, 22]
[40, 35]
[41, 33]
[45, 29]
[47, 27]
[27, 47]
[63, 11]
[54, 20]
[55, 19]
[43, 31]
[50, 24]
[49, 25]
[20, 54]
[28, 46]
epxeriment setting
dataset PROTEINS, client number 15, skew rate 5.0
mean client accuracy: 0.7350 accuracy standard deviation: 0.0268
[38 18]
[45 11]
[28 28]
[34 22]
[27 29]
[40 16]
[16 40]
[49  7]
[37 19]
[48  8]
[30 26]
[41 15]
[34 22]
[27 28]
[22 33]
[29 26]
[30 25]
[29 26]
[22 33]
[37 18]
[38, 18]
[45, 11]
[28, 28]
[34, 22]
[27, 29]
[40, 16]
[16, 40]
[49, 7]
[37, 19]
[48, 8]
[30, 26]
[41, 15]
[34, 22]
[27, 28]
[22, 33]
[29, 26]
[30, 25]
[29, 26]
[22, 33]
[37, 18]
epxeriment setting
dataset PROTEINS, client number 20, skew rate 5.0
mean client accuracy: 0.7188 accuracy standard deviation: 0.0183
[27 18]
[33 12]
[24 21]
[24 21]
[26 19]
[31 14]
[13 32]
[36  9]
[28 17]
[37  8]
[28 17]
[33 12]
[26 19]
[18 26]
[24 20]
[25 19]
[30 14]
[25 19]
[17 27]
[29 15]
[30 14]
[17 27]
[20 24]
[30 14]
[32 12]
[27, 18]
[33, 12]
[24, 21]
[24, 21]
[26, 19]
[31, 14]
[13, 32]
[36, 9]
[28, 17]
[37, 8]
[28, 17]
[33, 12]
[26, 19]
[18, 26]
[24, 20]
[25, 19]
[30, 14]
[25, 19]
[17, 27]
[29, 15]
[30, 14]
[17, 27]
[20, 24]
[30, 14]
[32, 12]
epxeriment setting
dataset PROTEINS, client number 25, skew rate 5.0
mean client accuracy: 0.7235 accuracy standard deviation: 0.0212
[47 28]
[48 27]
[43 32]
[41 33]
[45 29]
[45 29]
[32 42]
[61 13]
[54 20]
[53 21]
[44 30]
[48 26]
[49 25]
[23 51]
[30 44]
[47, 28]
[48, 27]
[43, 32]
[41, 33]
[45, 29]
[45, 29]
[32, 42]
[61, 13]
[54, 20]
[53, 21]
[44, 30]
[48, 26]
[49, 25]
[23, 51]
[30, 44]
epxeriment setting
dataset PROTEINS, client number 15, skew rate 10.0
mean client accuracy: 0.7244 accuracy standard deviation: 0.0113
[37 19]
[43 13]
[30 26]
[33 23]
[27 29]
[38 18]
[20 36]
[48  8]
[37 19]
[46 10]
[30 26]
[40 16]
[32 24]
[28 27]
[24 31]
[30 25]
[30 25]
[28 27]
[25 30]
[37 18]
[37, 19]
[43, 13]
[30, 26]
[33, 23]
[27, 29]
[38, 18]
[20, 36]
[48, 8]
[37, 19]
[46, 10]
[30, 26]
[40, 16]
[32, 24]
[28, 27]
[24, 31]
[30, 25]
[30, 25]
[28, 27]
[25, 30]
[37, 18]
epxeriment setting
dataset PROTEINS, client number 20, skew rate 10.0
mean client accuracy: 0.7094 accuracy standard deviation: 0.0166
[26 19]
[32 13]
[26 19]
[22 23]
[26 19]
[29 16]
[19 26]
[35 10]
[28 17]
[36  9]
[28 17]
[32 13]
[26 19]
[18 26]
[25 19]
[27 17]
[30 14]
[24 20]
[20 24]
[29 15]
[30 14]
[17 27]
[24 20]
[25 19]
[29 15]
[26, 19]
[32, 13]
[26, 19]
[22, 23]
[26, 19]
[29, 16]
[19, 26]
[35, 10]
[28, 17]
[36, 9]
[28, 17]
[32, 13]
[26, 19]
[18, 26]
[25, 19]
[27, 17]
[30, 14]
[24, 20]
[20, 24]
[29, 15]
[30, 14]
[17, 27]
[24, 20]
[25, 19]
[29, 15]
epxeriment setting
dataset PROTEINS, client number 25, skew rate 10.0
mean client accuracy: 0.7049 accuracy standard deviation: 0.0258
