[673 603]
[759 517]
[578 698]
[440 836]
[1151  125]
[902 374]
[470 806]
[743 533]
[ 247 1029]
[666 610]
[978 298]
[484 791]
[360 915]
[ 250 1025]
[867 408]
[673, 603]
[759, 517]
[578, 698]
[440, 836]
[1151, 125]
[902, 374]
[470, 806]
[743, 533]
[247, 1029]
[666, 610]
[978, 298]
[484, 791]
[360, 915]
[250, 1025]
[867, 408]
epxeriment setting
dataset Yeast, client number 15, skew rate 1.0
mean client accuracy: 0.7206 accuracy standard deviation: 0.0015
[488 469]
[607 350]
[450 507]
[297 660]
[844 113]
[685 272]
[353 604]
[566 391]
[194 763]
[514 443]
[736 221]
[387 570]
[265 692]
[224 733]
[652 305]
[309 648]
[535 421]
[162 794]
[568 388]
[732 224]
[488, 469]
[607, 350]
[450, 507]
[297, 660]
[844, 113]
[685, 272]
[353, 604]
[566, 391]
[194, 763]
[514, 443]
[736, 221]
[387, 570]
[265, 692]
[224, 733]
[652, 305]
[309, 648]
[535, 421]
[162, 794]
[568, 388]
[732, 224]
epxeriment setting
dataset Yeast, client number 20, skew rate 1.0
mean client accuracy: 0.7093 accuracy standard deviation: 0.0028
[365 401]
[477 289]
[341 425]
[216 550]
[675  91]
[529 237]
[271 495]
[420 346]
[ 81 685]
[406 360]
[585 181]
[243 522]
[137 628]
[121 644]
[495 270]
[197 568]
[406 359]
[120 645]
[442 323]
[577 188]
[385 380]
[728  37]
[439 326]
[515 250]
[397 368]
[365, 401]
[477, 289]
[341, 425]
[216, 550]
[675, 91]
[529, 237]
[271, 495]
[420, 346]
[81, 685]
[406, 360]
[585, 181]
[243, 522]
[137, 628]
[121, 644]
[495, 270]
[197, 568]
[406, 359]
[120, 645]
[442, 323]
[577, 188]
[385, 380]
[728, 37]
[439, 326]
[515, 250]
[397, 368]
epxeriment setting
dataset Yeast, client number 25, skew rate 1.0
mean client accuracy: 0.7265 accuracy standard deviation: 0.0040
[775 501]
[949 327]
[528 748]
[688 588]
[618 658]
[814 462]
[ 170 1106]
[965 311]
[606 670]
[747 529]
[607 669]
[716 559]
[595 680]
[384 891]
[406 869]
[775, 501]
[949, 327]
[528, 748]
[688, 588]
[618, 658]
[814, 462]
[170, 1106]
[965, 311]
[606, 670]
[747, 529]
[607, 669]
[716, 559]
[595, 680]
[384, 891]
[406, 869]
epxeriment setting
dataset Yeast, client number 15, skew rate 5.0
mean client accuracy: 0.6927 accuracy standard deviation: 0.0064
[578 379]
[701 256]
[425 532]
[571 386]
[465 492]
[644 313]
[123 834]
[731 226]
[479 478]
[580 377]
[477 480]
[528 429]
[449 508]
[313 644]
[298 659]
[378 579]
[481 475]
[598 358]
[249 707]
[500 456]
[578, 379]
[701, 256]
[425, 532]
[571, 386]
[465, 492]
[644, 313]
[123, 834]
[731, 226]
[479, 478]
[580, 377]
[477, 480]
[528, 429]
[449, 508]
[313, 644]
[298, 659]
[378, 579]
[481, 475]
[598, 358]
[249, 707]
[500, 456]
epxeriment setting
dataset Yeast, client number 20, skew rate 5.0
mean client accuracy: 0.6837 accuracy standard deviation: 0.0067
[436 330]
[580 186]
[341 425]
[435 331]
[378 388]
[504 262]
[ 86 680]
[575 191]
[372 394]
[447 319]
[348 418]
[412 353]
[377 388]
[251 514]
[236 529]
[329 436]
[349 416]
[474 291]
[199 566]
[420 345]
[449 316]
[320 445]
[205 560]
[539 226]
[506 259]
[436, 330]
[580, 186]
[341, 425]
[435, 331]
[378, 388]
[504, 262]
[86, 680]
[575, 191]
[372, 394]
[447, 319]
[348, 418]
[412, 353]
[377, 388]
[251, 514]
[236, 529]
[329, 436]
[349, 416]
[474, 291]
[199, 566]
[420, 345]
[449, 316]
[320, 445]
[205, 560]
[539, 226]
[506, 259]
epxeriment setting
dataset Yeast, client number 25, skew rate 5.0
mean client accuracy: 0.6877 accuracy standard deviation: 0.0071
[744 532]
[867 409]
[568 708]
[677 599]
[621 655]
[772 504]
[282 994]
[886 390]
[618 658]
[696 580]
[614 662]
[692 583]
[611 664]
[452 823]
[468 807]
[744, 532]
[867, 409]
[568, 708]
[677, 599]
[621, 655]
[772, 504]
[282, 994]
[886, 390]
[618, 658]
[696, 580]
[614, 662]
[692, 583]
[611, 664]
[452, 823]
[468, 807]
epxeriment setting
dataset Yeast, client number 15, skew rate 10.0
mean client accuracy: 0.6800 accuracy standard deviation: 0.0067
[540 417]
[648 309]
[451 506]
[547 410]
[468 489]
[605 352]
[212 745]
[670 287]
[483 474]
[526 431]
[482 475]
[516 441]
[454 503]
[367 590]
[348 609]
[391 566]
[493 463]
[563 393]
[317 639]
[487 469]
[540, 417]
[648, 309]
[451, 506]
[547, 410]
[468, 489]
[605, 352]
[212, 745]
[670, 287]
[483, 474]
[526, 431]
[482, 475]
[516, 441]
[454, 503]
[367, 590]
[348, 609]
[391, 566]
[493, 463]
[563, 393]
[317, 639]
[487, 469]
epxeriment setting
dataset Yeast, client number 20, skew rate 10.0
mean client accuracy: 0.6705 accuracy standard deviation: 0.0051
[419 347]
[528 238]
[357 409]
[419 347]
[378 388]
[467 299]
[159 607]
[536 230]
[377 389]
[417 349]
[356 410]
[390 375]
[378 387]
[297 468]
[270 495]
[339 426]
[360 405]
[450 315]
[251 514]
[414 351]
[443 322]
[332 433]
[263 502]
[497 268]
[471 294]
[419, 347]
[528, 238]
[357, 409]
[419, 347]
[378, 388]
[467, 299]
[159, 607]
[536, 230]
[377, 389]
[417, 349]
[356, 410]
[390, 375]
[378, 387]
[297, 468]
[270, 495]
[339, 426]
[360, 405]
[450, 315]
[251, 514]
[414, 351]
[443, 322]
[332, 433]
[263, 502]
[497, 268]
[471, 294]
epxeriment setting
dataset Yeast, client number 25, skew rate 10.0
mean client accuracy: 0.6682 accuracy standard deviation: 0.0028
